NACA 2814
    1.000000      0.1470000E-02
   0.9914992      0.4518300E-02
   0.9805312      0.8323280E-02
   0.9683796      0.1237111E-01
   0.9552172      0.1655740E-01
   0.9412690      0.2076953E-01
   0.9267538      0.2490902E-01
   0.9118474      0.2890213E-01
   0.8966735      0.3269945E-01
   0.8813091      0.3627036E-01
   0.8657939      0.3959724E-01
   0.8501362      0.4267107E-01
   0.8343111      0.4548896E-01
   0.8182462      0.4805291E-01
   0.8017949      0.5036658E-01
   0.7846887      0.5255606E-01
   0.7671090      0.5473563E-01
   0.7492524      0.5688051E-01
   0.7312401      0.5897342E-01
   0.7131428      0.6100409E-01
   0.6950018      0.6296633E-01
   0.6768406      0.6485610E-01
   0.6586736      0.6667041E-01
   0.6405096      0.6840674E-01
   0.6223549      0.7006268E-01
   0.6042142      0.7163579E-01
   0.5860915      0.7312347E-01
   0.5679905      0.7452292E-01
   0.5499148      0.7583115E-01
   0.5318679      0.7704491E-01
   0.5138535      0.7816070E-01
   0.4958754      0.7917477E-01
   0.4779377      0.8008311E-01
   0.4600448      0.8088142E-01
   0.4422012      0.8156514E-01
   0.4244119      0.8212944E-01
   0.4066824      0.8256917E-01
   0.3890185      0.8287892E-01
   0.3714268      0.8305296E-01
   0.3539148      0.8308527E-01
   0.3364905      0.8296952E-01
   0.3191633      0.8269910E-01
   0.3019442      0.8226711E-01
   0.2848457      0.8166642E-01
   0.2678831      0.8088969E-01
   0.2510745      0.7992952E-01
   0.2344424      0.7877863E-01
   0.2180153      0.7743015E-01
   0.2018290      0.7587816E-01
   0.1859298      0.7411849E-01
   0.1703772      0.7214990E-01
   0.1552469      0.6997577E-01
   0.1406324      0.6760619E-01
   0.1266436      0.6506003E-01
   0.1134001      0.6236632E-01
   0.1010177      0.5956363E-01
   0.8959056E-01  0.5669689E-01
   0.7917413E-01  0.5381181E-01
   0.6977693E-01  0.5094895E-01
   0.6136317E-01  0.4813928E-01
   0.5386426E-01  0.4540273E-01
   0.4719328E-01  0.4274904E-01
   0.4125782E-01  0.4018006E-01
   0.3596871E-01  0.3769212E-01
   0.3124503E-01  0.3527824E-01
   0.2701613E-01  0.3292958E-01
   0.2322198E-01  0.3063654E-01
   0.1981252E-01  0.2838934E-01
   0.1674669E-01  0.2617850E-01
   0.1399139E-01  0.2399500E-01
   0.1152050E-01  0.2183056E-01
   0.9314003E-02  0.1967780E-01
   0.7357223E-02  0.1753049E-01
   0.5640139E-02  0.1538398E-01
   0.4156596E-02  0.1323559E-01
   0.2903359E-02  0.1108522E-01
   0.1878937E-02  0.8935982E-02
   0.1081824E-02  0.6794098E-02
   0.5092481E-03  0.4670477E-02
   0.1541022E-03  0.2574034E-02
   0.6527511E-05  0.5300926E-03
   0.5172584E-04 -0.1487234E-02
   0.2990783E-03 -0.3552632E-02
   0.7663816E-03 -0.5647336E-02
   0.1465443E-02 -0.7752922E-02
   0.2402905E-02 -0.9854369E-02
   0.3580607E-02 -0.1193858E-01
   0.4998169E-02 -0.1399703E-01
   0.6655001E-02 -0.1602523E-01
   0.8552363E-02 -0.1802239E-01
   0.1069478E-01 -0.1999052E-01
   0.1309110E-01 -0.2193359E-01
   0.1575524E-01 -0.2385687E-01
   0.1870691E-01 -0.2576640E-01
   0.2197230E-01 -0.2766856E-01
   0.2558494E-01 -0.2956984E-01
   0.2958668E-01 -0.3147652E-01
   0.3402878E-01 -0.3339433E-01
   0.3897299E-01 -0.3532811E-01
   0.4449228E-01 -0.3728106E-01
   0.5067071E-01 -0.3925391E-01
   0.5760146E-01 -0.4124364E-01
   0.6538189E-01 -0.4324191E-01
   0.7410445E-01 -0.4523342E-01
   0.8384301E-01 -0.4719476E-01
   0.9463700E-01 -0.4909474E-01
   0.1064784     -0.5089674E-01
   0.1193080     -0.5256321E-01
   0.1330248     -0.5406086E-01
   0.1475040     -0.5536469E-01
   0.1626174     -0.5645950E-01
   0.1782481     -0.5733918E-01
   0.1942974     -0.5800468E-01
   0.2106865     -0.5846169E-01
   0.2273543     -0.5871877E-01
   0.2442536     -0.5878594E-01
   0.2613484     -0.5867379E-01
   0.2786105     -0.5839293E-01
   0.2960179     -0.5795374E-01
   0.3135528     -0.5736615E-01
   0.3312007     -0.5663962E-01
   0.3489496     -0.5578310E-01
   0.3667893     -0.5480501E-01
   0.3847109     -0.5371329E-01
   0.4027070     -0.5251541E-01
   0.4207706     -0.5121838E-01
   0.4388960     -0.4982878E-01
   0.4570776     -0.4835278E-01
   0.4753106     -0.4679613E-01
   0.4935903     -0.4516425E-01
   0.5119128     -0.4346217E-01
   0.5302739     -0.4169456E-01
   0.5486702     -0.3986578E-01
   0.5670979     -0.3797986E-01
   0.5855538     -0.3604049E-01
   0.6040345     -0.3405111E-01
   0.6225364     -0.3201486E-01
   0.6410559     -0.2993462E-01
   0.6595885     -0.2781309E-01
   0.6781285     -0.2565286E-01
   0.6966677     -0.2345657E-01
   0.7151929     -0.2122722E-01
   0.7336821     -0.1896874E-01
   0.7520966     -0.1668696E-01
   0.7703685     -0.1439142E-01
   0.7883791     -0.1209827E-01
   0.8059328     -0.9852272E-02
   0.8229585     -0.7859064E-02
   0.8397203     -0.6136067E-02
   0.8563249     -0.4662639E-02
   0.8728166     -0.3428326E-02
   0.8891955     -0.2427679E-02
   0.9054215     -0.1656821E-02
   0.9214085     -0.1110942E-02
   0.9370122     -0.7815734E-03
   0.9520235     -0.6533127E-03
   0.9661809     -0.7008139E-03
   0.9792198     -0.8883443E-03
   0.9909452     -0.1174003E-02
    1.000000     -0.1470000E-02
