NACA 2814
    1.000000      0.1470000E-02
   0.9915086      0.4514979E-02
   0.9805437      0.8319034E-02
   0.9683945      0.1236625E-01
   0.9552306      0.1655325E-01
   0.9412775      0.2076704E-01
   0.9267535      0.2490909E-01
   0.9118351      0.2890532E-01
   0.8966461      0.3270606E-01
   0.8812648      0.3628027E-01
   0.8657309      0.3961018E-01
   0.8500555      0.4268618E-01
   0.8342091      0.4550620E-01
   0.8181399      0.4806883E-01
   0.8016583      0.5038471E-01
   0.7845156      0.5257773E-01
   0.7668621      0.5476581E-01
   0.7489630      0.5691468E-01
   0.7309028      0.5901194E-01
   0.7127629      0.6104594E-01
   0.6945791      0.6301117E-01
   0.6763761      0.6490345E-01
   0.6581674      0.6671986E-01
   0.6399622      0.6845784E-01
   0.6217665      0.7011500E-01
   0.6035851      0.7168885E-01
   0.5854222      0.7317677E-01
   0.5672813      0.7457595E-01
   0.5491662      0.7588336E-01
   0.5310803      0.7709572E-01
   0.5130276      0.7820950E-01
   0.4950118      0.7922091E-01
   0.4770370      0.8012591E-01
   0.4591078      0.8092016E-01
   0.4412286      0.8159907E-01
   0.4234047      0.8215776E-01
   0.4056415      0.8259104E-01
   0.3879450      0.8289346E-01
   0.3703219      0.8305924E-01
   0.3527797      0.8308232E-01
   0.3353268      0.8295632E-01
   0.3179726      0.8267459E-01
   0.3007284      0.8223018E-01
   0.2836069      0.8161594E-01
   0.2666238      0.8082449E-01
   0.2497976      0.7984843E-01
   0.2331516      0.7868050E-01
   0.2167147      0.7731388E-01
   0.2005240      0.7574280E-01
   0.1846270      0.7396330E-01
   0.1690848      0.7197454E-01
   0.1539747      0.6978045E-01
   0.1393919      0.6739187E-01
   0.1254477      0.6482864E-01
   0.1122623      0.6212084E-01
   0.9995069E-01  0.5930796E-01
   0.8860434E-01  0.5643550E-01
   0.7827507E-01  0.5354924E-01
   0.6896719E-01  0.5068933E-01
   0.6064106E-01  0.4788593E-01
   0.5322517E-01  0.4515806E-01
   0.4663087E-01  0.4251461E-01
   0.4076495E-01  0.3995671E-01
   0.3553820E-01  0.3748019E-01
   0.3087006E-01  0.3507771E-01
   0.2669049E-01  0.3274024E-01
   0.2294014E-01  0.3045805E-01
   0.1956963E-01  0.2822135E-01
   0.1653852E-01  0.2602066E-01
   0.1381427E-01  0.2384702E-01
   0.1137123E-01  0.2169221E-01
   0.9189765E-02  0.1954896E-01
   0.7255530E-02  0.1741115E-01
   0.5558711E-02  0.1527426E-01
   0.4093303E-02  0.1313574E-01
   0.2856118E-02  0.1099562E-01
   0.1845622E-02  0.8857064E-02
   0.1060252E-02  0.6726436E-02
   0.4969976E-03  0.4614194E-02
   0.1489366E-03  0.2530608E-02
   0.5719448E-05  0.4962822E-03
   0.5428976E-04 -0.1523447E-02
   0.3034437E-03 -0.3578167E-02
   0.7704004E-03 -0.5661845E-02
   0.1466973E-02 -0.7756863E-02
   0.2399595E-02 -0.9847810E-02
   0.3570262E-02 -0.1192205E-01
   0.4978649E-02 -0.1397105E-01
   0.6624285E-02 -0.1599039E-01
   0.8508479E-02 -0.1797924E-01
   0.1063575E-01 -0.1993955E-01
   0.1301487E-01 -0.2187521E-01
   0.1565963E-01 -0.2379144E-01
   0.1858953E-01 -0.2569422E-01
   0.2183051E-01 -0.2758989E-01
   0.2541579E-01 -0.2948493E-01
   0.2938686E-01 -0.3138564E-01
   0.3379464E-01 -0.3329782E-01
   0.3870056E-01 -0.3522641E-01
   0.4417734E-01 -0.3717480E-01
   0.5030901E-01 -0.3914394E-01
   0.5718907E-01 -0.4113114E-01
   0.6491569E-01 -0.4312845E-01
   0.7358279E-01 -0.4512095E-01
   0.8326642E-01 -0.4708556E-01
   0.9400867E-01 -0.4899126E-01
   0.1058042     -0.5080132E-01
   0.1185962     -0.5247783E-01
   0.1322849     -0.5398691E-01
   0.1467461     -0.5530291E-01
   0.1618509     -0.5641000E-01
   0.1774813     -0.5730157E-01
   0.1935376     -0.5797822E-01
   0.2099397     -0.5844543E-01
   0.2266253     -0.5871163E-01
   0.2435464     -0.5878679E-01
   0.2606661     -0.5868153E-01
   0.2779559     -0.5840648E-01
   0.2953931     -0.5797206E-01
   0.3129598     -0.5738827E-01
   0.3306412     -0.5666462E-01
   0.3484249     -0.5581013E-01
   0.3663007     -0.5483328E-01
   0.3842596     -0.5374206E-01
   0.4022939     -0.5254399E-01
   0.4203967     -0.5124614E-01
   0.4385621     -0.4985514E-01
   0.4567845     -0.4837720E-01
   0.4750588     -0.4681812E-01
   0.4933807     -0.4518335E-01
   0.5117457     -0.4347798E-01
   0.5301500     -0.4170669E-01
   0.5485898     -0.3987389E-01
   0.5670614     -0.3798364E-01
   0.5855616     -0.3603966E-01
   0.6040866     -0.3404544E-01
   0.6226329     -0.3200412E-01
   0.6411966     -0.2991866E-01
   0.6597726     -0.2779182E-01
   0.6783545     -0.2562630E-01
   0.6969326     -0.2342493E-01
   0.7154910     -0.2119107E-01
   0.7340038     -0.1892916E-01
   0.7524209     -0.1664647E-01
   0.7706690     -0.1435347E-01
   0.7885910     -0.1207095E-01
   0.8059830     -0.9846053E-02
   0.8229378     -0.7861344E-02
   0.8396701     -0.6140874E-02
   0.8562699     -0.4667141E-02
   0.8727686     -0.3431589E-02
   0.8891601     -0.2429600E-02
   0.9054002     -0.1657689E-02
   0.9214001     -0.1111172E-02
   0.9370142     -0.7815435E-03
   0.9520323     -0.6532915E-03
   0.9661933     -0.7009273E-03
   0.9792314     -0.8885714E-03
   0.9909550     -0.1174287E-02
    1.000000     -0.1470000E-02
