NACA 2814
   0.9993813      0.1267144E-01
   0.9985437      0.1273666E-01
   0.9974177      0.1282712E-01
   0.9960205      0.1294383E-01
   0.9941002      0.1311226E-01
   0.9905573      0.1344749E-01
   0.9844485      0.1409042E-01
   0.9776219      0.1484548E-01
   0.9703288      0.1563270E-01
   0.9622028      0.1649614E-01
   0.9539976      0.1736590E-01
   0.9455290      0.1826045E-01
   0.9370266      0.1914376E-01
   0.9284812      0.2001241E-01
   0.9199165      0.2089672E-01
   0.9113532      0.2179387E-01
   0.9027767      0.2264153E-01
   0.8941941      0.2346331E-01
   0.8856243      0.2435929E-01
   0.8770601      0.2524436E-01
   0.8684756      0.2595458E-01
   0.8598821      0.2663155E-01
   0.8513800      0.2776348E-01
   0.8429744      0.2905617E-01
   0.8344517      0.2907270E-01
   0.8259771      0.2984006E-01
   0.8175670      0.3138533E-01
   0.8090865      0.3166504E-01
   0.8007198      0.3289229E-01
   0.7922260      0.3379699E-01
   0.7837157      0.3436134E-01
   0.7753274      0.3601686E-01
   0.7669115      0.3763415E-01
   0.7583738      0.3842033E-01
   0.7498079      0.3908308E-01
   0.7412947      0.4025036E-01
   0.7327950      0.4160475E-01
   0.7242600      0.4274712E-01
   0.7157005      0.4374491E-01
   0.7071416      0.4476948E-01
   0.6985854      0.4581605E-01
   0.6900236      0.4681654E-01
   0.6814541      0.4776669E-01
   0.6728814      0.4869818E-01
   0.6643118      0.4964644E-01
   0.6557501      0.5064756E-01
   0.6471935      0.5168009E-01
   0.6386314      0.5266094E-01
   0.6300587      0.5356050E-01
   0.6214813      0.5443493E-01
   0.6129043      0.5532407E-01
   0.6043278      0.5621812E-01
   0.5957506      0.5710251E-01
   0.5871719      0.5796726E-01
   0.5785906      0.5880614E-01
   0.5700068      0.5962490E-01
   0.5614216      0.6043114E-01
   0.5528354      0.6122484E-01
   0.5442480      0.6200330E-01
   0.5356591      0.6276432E-01
   0.5270686      0.6350611E-01
   0.5184764      0.6422860E-01
   0.5098826      0.6493283E-01
   0.5012873      0.6561901E-01
   0.4926907      0.6628668E-01
   0.4840926      0.6693483E-01
   0.4754930      0.6756199E-01
   0.4668919      0.6816745E-01
   0.4582892      0.6875161E-01
   0.4496852      0.6931435E-01
   0.4410798      0.6985443E-01
   0.4324730      0.7037079E-01
   0.4238647      0.7086300E-01
   0.4152551      0.7133055E-01
   0.4066442      0.7177266E-01
   0.3980321      0.7218847E-01
   0.3894187      0.7257712E-01
   0.3808041      0.7293775E-01
   0.3721884      0.7326962E-01
   0.3635717      0.7357191E-01
   0.3549540      0.7384336E-01
   0.3463354      0.7408268E-01
   0.3377159      0.7428911E-01
   0.3290958      0.7446178E-01
   0.3204752      0.7459847E-01
   0.3118541      0.7469676E-01
   0.3032328      0.7475529E-01
   0.2946113      0.7477292E-01
   0.2859899      0.7474725E-01
   0.2773689      0.7467553E-01
   0.2687486      0.7455516E-01
   0.2601293      0.7438342E-01
   0.2515114      0.7415691E-01
   0.2428954      0.7387220E-01
   0.2342817      0.7352665E-01
   0.2256710      0.7311758E-01
   0.2170638      0.7264135E-01
   0.2084611      0.7209424E-01
   0.1998635      0.7147267E-01
   0.1912722      0.7077271E-01
   0.1826883      0.6998967E-01
   0.1741130      0.6911887E-01
   0.1655479      0.6815549E-01
   0.1569956      0.6708988E-01
   0.1484590      0.6590896E-01
   0.1399408      0.6460306E-01
   0.1314455      0.6316130E-01
   0.1229788      0.6156482E-01
   0.1145442      0.5980584E-01
   0.1061434      0.5789050E-01
   0.9777912E-01  0.5582194E-01
   0.8945165E-01  0.5360695E-01
   0.8116380E-01  0.5125057E-01
   0.7292734E-01  0.4872612E-01
   0.6475582E-01  0.4600383E-01
   0.5666975E-01  0.4304407E-01
   0.4868840E-01  0.3981637E-01
   0.4083956E-01  0.3628407E-01
   0.3314633E-01  0.3242846E-01
   0.2564785E-01  0.2821132E-01
   0.1843660E-01  0.2357017E-01
   0.1167156E-01  0.1850239E-01
   0.5810326E-02  0.1271702E-01
   0.1689750E-02  0.5744616E-02
   0.1832438E-03 -0.1491962E-02
   0.6020764E-04  0.4195774E-03
   0.3630268E-03 -0.5003490E-02
   0.3513319E-02 -0.1136210E-01
   0.9151793E-02 -0.1691874E-01
   0.1572716E-01 -0.2143226E-01
   0.2342125E-01 -0.2510156E-01
   0.3146522E-01 -0.2812117E-01
   0.3968440E-01 -0.3066334E-01
   0.4800515E-01 -0.3287734E-01
   0.5638678E-01 -0.3486692E-01
   0.6480878E-01 -0.3668375E-01
   0.7326296E-01 -0.3835023E-01
   0.8174336E-01 -0.3987779E-01
   0.9024828E-01 -0.4126124E-01
   0.9877482E-01 -0.4251254E-01
   0.1073176     -0.4365741E-01
   0.1158719     -0.4472352E-01
   0.1244337     -0.4573643E-01
   0.1330004     -0.4670993E-01
   0.1415710     -0.4764691E-01
   0.1501457     -0.4854258E-01
   0.1587250     -0.4939229E-01
   0.1673088     -0.5019491E-01
   0.1758969     -0.5094839E-01
   0.1844893     -0.5164995E-01
   0.1930858     -0.5230078E-01
   0.2016860     -0.5290410E-01
   0.2102894     -0.5346163E-01
   0.2188955     -0.5397444E-01
   0.2275041     -0.5444372E-01
   0.2361151     -0.5487087E-01
   0.2447281     -0.5525804E-01
   0.2533427     -0.5560717E-01
   0.2619588     -0.5591860E-01
   0.2705761     -0.5619248E-01
   0.2791946     -0.5642954E-01
   0.2878141     -0.5663063E-01
   0.2964343     -0.5679667E-01
   0.3050552     -0.5692837E-01
   0.3136765     -0.5702574E-01
   0.3222981     -0.5708887E-01
   0.3309200     -0.5711903E-01
   0.3395420     -0.5711761E-01
   0.3481639     -0.5708493E-01
   0.3567857     -0.5702111E-01
   0.3654072     -0.5692708E-01
   0.3740285     -0.5680402E-01
   0.3826493     -0.5665287E-01
   0.3912696     -0.5647441E-01
   0.3998894     -0.5626935E-01
   0.4085086     -0.5603841E-01
   0.4171271     -0.5578240E-01
   0.4257448     -0.5550223E-01
   0.4343618     -0.5519846E-01
   0.4429780     -0.5487132E-01
   0.4515933     -0.5452152E-01
   0.4602078     -0.5415044E-01
   0.4688213     -0.5375880E-01
   0.4774339     -0.5334615E-01
   0.4860454     -0.5291257E-01
   0.4946561     -0.5245960E-01
   0.5032658     -0.5198855E-01
   0.5118744     -0.5149891E-01
   0.5204819     -0.5099011E-01
   0.5290885     -0.5046341E-01
   0.5376941     -0.4992052E-01
   0.5462987     -0.4936189E-01
   0.5549022     -0.4878727E-01
   0.5635042     -0.4819482E-01
   0.5721048     -0.4758175E-01
   0.5807046     -0.4695128E-01
   0.5893042     -0.4631282E-01
   0.5979034     -0.4566958E-01
   0.6065013     -0.4501466E-01
   0.6150968     -0.4433803E-01
   0.6236885     -0.4362433E-01
   0.6322762     -0.4287169E-01
   0.6408644     -0.4213152E-01
   0.6494567     -0.4145099E-01
   0.6580484     -0.4077586E-01
   0.6666337     -0.4002247E-01
   0.6752148     -0.3919742E-01
   0.6837966     -0.3835877E-01
   0.6923791     -0.3752496E-01
   0.7009597     -0.3667792E-01
   0.7095386     -0.3582411E-01
   0.7181201     -0.3500643E-01
   0.7267053     -0.3423765E-01
   0.7352895     -0.3345801E-01
   0.7438695     -0.3262106E-01
   0.7524487     -0.3176054E-01
   0.7610262     -0.3090150E-01
   0.7695845     -0.2992459E-01
   0.7781094     -0.2871436E-01
   0.7866341     -0.2760189E-01
   0.7951995     -0.2704307E-01
   0.8037140     -0.2625752E-01
   0.8120693     -0.2442065E-01
   0.8205639     -0.2313297E-01
   0.8290853     -0.2192104E-01
   0.8375631     -0.2042775E-01
   0.8460531     -0.1899133E-01
   0.8544630     -0.1731900E-01
   0.8628000     -0.1538386E-01
   0.8712957     -0.1415215E-01
   0.8797973     -0.1283485E-01
   0.8882502     -0.1120861E-01
   0.8967181     -0.9630441E-02
   0.9052090     -0.8145973E-02
   0.9136852     -0.6606690E-02
   0.9221491     -0.5022871E-02
   0.9306099     -0.3462815E-02
   0.9390620     -0.1910379E-02
   0.9474379     -0.3500806E-03
   0.9558015      0.1218479E-02
   0.9638652      0.2734982E-02
   0.9718033      0.4239600E-02
   0.9790436      0.5616044E-02
   0.9855558      0.6855249E-02
   0.9915849      0.8044010E-02
   0.9948644      0.8723409E-02
   0.9967119      0.9117417E-02
   0.9980698      0.9412195E-02
   0.9991688      0.9654003E-02
   0.9999880      0.9836136E-02
