#  NACA 2814                                       
#  alpha =   1.3859
#  Mach  =   0.0000
#  Reyn  =   110000
#  Ncrit =  12.0000
#
#    x           cf
   0.299078E-03  0.643656E-02
   0.517258E-04  0.141805E-01
   0.652751E-05  0.211875E-01
   0.154102E-03  0.278097E-01
   0.509248E-03  0.332046E-01
   0.108182E-02  0.372205E-01
   0.187894E-02  0.395999E-01
   0.290336E-02  0.405065E-01
   0.415660E-02  0.401999E-01
   0.564014E-02  0.390089E-01
   0.735722E-02  0.372390E-01
   0.931400E-02  0.351411E-01
   0.115205E-01  0.328928E-01
   0.139914E-01  0.306196E-01
   0.167467E-01  0.283985E-01
   0.198125E-01  0.262735E-01
   0.232220E-01  0.242709E-01
   0.270161E-01  0.223956E-01
   0.312450E-01  0.206510E-01
   0.359687E-01  0.190309E-01
   0.412578E-01  0.175293E-01
   0.471933E-01  0.161367E-01
   0.538643E-01  0.148471E-01
   0.613632E-01  0.136523E-01
   0.697769E-01  0.125473E-01
   0.791741E-01  0.115272E-01
   0.895906E-01  0.105892E-01
   0.101018      0.972929E-02
   0.113400      0.894413E-02
   0.126644      0.822953E-02
   0.140632      0.758010E-02
   0.155247      0.698944E-02
   0.170377      0.645137E-02
   0.185930      0.595967E-02
   0.201829      0.550892E-02
   0.218015      0.509418E-02
   0.234442      0.471115E-02
   0.251074      0.435606E-02
   0.267883      0.402612E-02
   0.284846      0.371865E-02
   0.301944      0.343151E-02
   0.319163      0.316307E-02
   0.336491      0.291174E-02
   0.353915      0.267638E-02
   0.371427      0.245594E-02
   0.389018      0.224967E-02
   0.406682      0.205691E-02
   0.424412      0.187724E-02
   0.442201      0.171025E-02
   0.460045      0.155583E-02
   0.477938      0.141385E-02
   0.495875      0.128439E-02
   0.513853      0.116766E-02
   0.531868      0.106397E-02
   0.549915      0.973864E-03
   0.567990      0.898137E-03
   0.586091      0.838002E-03
   0.604214      0.795277E-03
   0.622355      0.773011E-03
   0.640510      0.776606E-03
   0.658674      0.816741E-03
   0.676841      0.967923E-03
   0.695002      0.132813E-02
   0.713143      0.181076E-02
   0.731240      0.237772E-02
   0.749252      0.297734E-02
   0.767109      0.356751E-02
   0.784689      0.412072E-02
   0.801795      0.470019E-02
   0.818246      0.506842E-02
   0.834311      0.510192E-02
   0.850136      0.491834E-02
   0.865794      0.456880E-02
   0.881309      0.410172E-02
   0.896674      0.355874E-02
   0.911847      0.298018E-02
   0.926754      0.241413E-02
   0.941269      0.188699E-02
   0.955217      0.142231E-02
   0.968380      0.103749E-02
   0.980531      0.736574E-03
   0.991499      0.513447E-03
    1.00000      0.374054E-03
    1.00010       0.00000    
    1.00899       0.00000    
    1.01913       0.00000    
    1.03065       0.00000    
    1.04373       0.00000    
    1.05856       0.00000    
    1.07540       0.00000    
    1.09450       0.00000    
    1.11616       0.00000    
    1.14074       0.00000    
    1.16860       0.00000    
    1.20020       0.00000    
    1.23603       0.00000    
    1.27666       0.00000    
    1.32272       0.00000    
    1.37496       0.00000    
    1.43417       0.00000    
    1.50131       0.00000    
    1.57743       0.00000    
    1.66372       0.00000    
    1.76155       0.00000    
    1.87245       0.00000    
    1.99817       0.00000    

   0.766382E-03  0.126987E-02
   0.146544E-02  0.841824E-02
   0.240290E-02  0.145226E-01
   0.358061E-02  0.191690E-01
   0.499817E-02  0.224339E-01
   0.665500E-02  0.243962E-01
   0.855236E-02  0.253455E-01
   0.106948E-01  0.255191E-01
   0.130911E-01  0.251445E-01
   0.157552E-01  0.244009E-01
   0.187069E-01  0.234211E-01
   0.219723E-01  0.222986E-01
   0.255849E-01  0.211012E-01
   0.295867E-01  0.198736E-01
   0.340288E-01  0.186432E-01
   0.389730E-01  0.174320E-01
   0.444923E-01  0.162494E-01
   0.506707E-01  0.151037E-01
   0.576015E-01  0.140000E-01
   0.653819E-01  0.129423E-01
   0.741045E-01  0.119339E-01
   0.838430E-01  0.109781E-01
   0.946370E-01  0.100794E-01
   0.106478      0.924070E-02
   0.119308      0.846475E-02
   0.133025      0.775110E-02
   0.147504      0.709845E-02
   0.162617      0.650262E-02
   0.178248      0.595854E-02
   0.194297      0.546092E-02
   0.210686      0.500390E-02
   0.227354      0.458225E-02
   0.244254      0.419111E-02
   0.261348      0.382607E-02
   0.278610      0.348305E-02
   0.296018      0.315856E-02
   0.313553      0.284920E-02
   0.331201      0.255195E-02
   0.348950      0.226406E-02
   0.366789      0.198298E-02
   0.384711      0.170667E-02
   0.402707      0.143379E-02
   0.420771      0.116396E-02
   0.438896      0.898408E-03
   0.457078      0.640411E-03
   0.475311      0.395793E-03
   0.493590      0.172987E-03
   0.511913     -0.179307E-04
   0.530274     -0.167502E-03
   0.548670     -0.270074E-03
   0.567098     -0.327820E-03
   0.585554     -0.349487E-03
   0.604035     -0.348778E-03
   0.622536     -0.338366E-03
   0.641056     -0.323898E-03
   0.659589     -0.311213E-03
   0.678129     -0.300865E-03
   0.696668     -0.292509E-03
   0.715193     -0.285734E-03
   0.733682     -0.280200E-03
   0.752097     -0.275649E-03
   0.770369     -0.271885E-03
   0.788379     -0.268761E-03
   0.805933     -0.266171E-03
   0.822959     -0.263907E-03
   0.839720     -0.261749E-03
   0.856325     -0.259597E-03
   0.872817     -0.257403E-03
   0.889196     -0.255158E-03
   0.905421     -0.252885E-03
   0.921408     -0.250639E-03
   0.937012     -0.248518E-03
   0.952024     -0.246679E-03
   0.966181     -0.245357E-03
   0.979220     -0.204695E-03
   0.990945     -0.190120E-03
    1.00000     -0.161801E-03
    1.00010       0.00000    
    1.00899       0.00000    
    1.01913       0.00000    
    1.03065       0.00000    
    1.04373       0.00000    
    1.05856       0.00000    
    1.07540       0.00000    
    1.09450       0.00000    
    1.11616       0.00000    
    1.14074       0.00000    
    1.16860       0.00000    
    1.20020       0.00000    
    1.23603       0.00000    
    1.27666       0.00000    
    1.32272       0.00000    
    1.37496       0.00000    
    1.43417       0.00000    
    1.50131       0.00000    
    1.57743       0.00000    
    1.66372       0.00000    
    1.76155       0.00000    
    1.87245       0.00000    
    1.99817       0.00000    

