#  NACA 2814                                       
#  alpha =   1.3991
#  Mach  =   0.0000
#  Reyn  =   110000
#  Ncrit =  12.0000
#
#    x           cf
   0.299078E-03  0.648298E-02
   0.517258E-04  0.142269E-01
   0.652751E-05  0.212329E-01
   0.154102E-03  0.278528E-01
   0.509248E-03  0.332442E-01
   0.108182E-02  0.372553E-01
   0.187894E-02  0.396296E-01
   0.290336E-02  0.405309E-01
   0.415660E-02  0.402191E-01
   0.564014E-02  0.390235E-01
   0.735722E-02  0.372496E-01
   0.931400E-02  0.351482E-01
   0.115205E-01  0.328970E-01
   0.139914E-01  0.306214E-01
   0.167467E-01  0.283984E-01
   0.198125E-01  0.262719E-01
   0.232220E-01  0.242680E-01
   0.270161E-01  0.223917E-01
   0.312450E-01  0.206463E-01
   0.359687E-01  0.190256E-01
   0.412578E-01  0.175234E-01
   0.471933E-01  0.161304E-01
   0.538643E-01  0.148404E-01
   0.613632E-01  0.136454E-01
   0.697769E-01  0.125402E-01
   0.791741E-01  0.115199E-01
   0.895906E-01  0.105817E-01
   0.101018      0.972164E-02
   0.113400      0.893629E-02
   0.126644      0.822146E-02
   0.140632      0.757179E-02
   0.155247      0.698082E-02
   0.170377      0.644241E-02
   0.185930      0.595031E-02
   0.201829      0.549908E-02
   0.218015      0.508379E-02
   0.234442      0.470011E-02
   0.251074      0.434428E-02
   0.267883      0.401347E-02
   0.284846      0.370501E-02
   0.301944      0.341671E-02
   0.319163      0.314693E-02
   0.336491      0.289406E-02
   0.353915      0.265692E-02
   0.371427      0.243443E-02
   0.389018      0.222581E-02
   0.406682      0.203035E-02
   0.424412      0.184758E-02
   0.442201      0.167706E-02
   0.460045      0.151859E-02
   0.477938      0.137198E-02
   0.495875      0.123720E-02
   0.513853      0.111436E-02
   0.531868      0.100359E-02
   0.549915      0.905186E-03
   0.567990      0.819558E-03
   0.586091      0.747332E-03
   0.604214      0.689363E-03
   0.622355      0.647024E-03
   0.640510      0.622472E-03
   0.658674      0.619301E-03
   0.676841      0.644207E-03
   0.695002      0.710767E-03
   0.713143      0.955729E-03
   0.731240      0.136796E-02
   0.749252      0.189223E-02
   0.767109      0.248991E-02
   0.784689      0.311427E-02
   0.801795      0.378876E-02
   0.818246      0.427491E-02
   0.834311      0.443518E-02
   0.850136      0.436292E-02
   0.865794      0.410531E-02
   0.881309      0.371213E-02
   0.896674      0.322877E-02
   0.911847      0.269953E-02
   0.926754      0.217389E-02
   0.941269      0.168524E-02
   0.955217      0.125512E-02
   0.968380      0.900567E-03
   0.980531      0.625175E-03
   0.991499      0.422861E-03
    1.00000      0.298134E-03
    1.00010       0.00000    
    1.00899       0.00000    
    1.01913       0.00000    
    1.03065       0.00000    
    1.04373       0.00000    
    1.05856       0.00000    
    1.07540       0.00000    
    1.09450       0.00000    
    1.11616       0.00000    
    1.14074       0.00000    
    1.16860       0.00000    
    1.20020       0.00000    
    1.23603       0.00000    
    1.27666       0.00000    
    1.32272       0.00000    
    1.37496       0.00000    
    1.43417       0.00000    
    1.50131       0.00000    
    1.57743       0.00000    
    1.66372       0.00000    
    1.76155       0.00000    
    1.87245       0.00000    
    1.99817       0.00000    

   0.766382E-03  0.122447E-02
   0.146544E-02  0.837685E-02
   0.240290E-02  0.144839E-01
   0.358061E-02  0.191367E-01
   0.499817E-02  0.224055E-01
   0.665500E-02  0.243732E-01
   0.855236E-02  0.253267E-01
   0.106948E-01  0.255042E-01
   0.130911E-01  0.251329E-01
   0.157552E-01  0.243921E-01
   0.187069E-01  0.234147E-01
   0.219723E-01  0.222941E-01
   0.255849E-01  0.210984E-01
   0.295867E-01  0.198722E-01
   0.340288E-01  0.186429E-01
   0.389730E-01  0.174326E-01
   0.444923E-01  0.162508E-01
   0.506707E-01  0.151058E-01
   0.576015E-01  0.140026E-01
   0.653819E-01  0.129453E-01
   0.741045E-01  0.119373E-01
   0.838430E-01  0.109818E-01
   0.946370E-01  0.100833E-01
   0.106478      0.924488E-02
   0.119308      0.846911E-02
   0.133025      0.775566E-02
   0.147504      0.710319E-02
   0.162617      0.650755E-02
   0.178248      0.596366E-02
   0.194297      0.546625E-02
   0.210686      0.500946E-02
   0.227354      0.458808E-02
   0.244254      0.419725E-02
   0.261348      0.383257E-02
   0.278610      0.348996E-02
   0.296018      0.316596E-02
   0.313553      0.285718E-02
   0.331201      0.256060E-02
   0.348950      0.227347E-02
   0.366789      0.199327E-02
   0.384711      0.171792E-02
   0.402707      0.144606E-02
   0.420771      0.117722E-02
   0.438896      0.912528E-03
   0.457078      0.655068E-03
   0.475311      0.410447E-03
   0.493590      0.186860E-03
   0.511913     -0.576840E-05
   0.530274     -0.157922E-03
   0.548670     -0.263597E-03
   0.567098     -0.324270E-03
   0.585554     -0.348271E-03
   0.604035     -0.348744E-03
   0.622536     -0.339080E-03
   0.641056     -0.324642E-03
   0.659589     -0.311800E-03
   0.678129     -0.301290E-03
   0.696668     -0.292799E-03
   0.715193     -0.285916E-03
   0.733682     -0.280297E-03
   0.752097     -0.275677E-03
   0.770369     -0.271857E-03
   0.788379     -0.268689E-03
   0.805933     -0.266064E-03
   0.822959     -0.263777E-03
   0.839720     -0.261605E-03
   0.856325     -0.259444E-03
   0.872817     -0.257248E-03
   0.889196     -0.255006E-03
   0.905421     -0.252740E-03
   0.921408     -0.250507E-03
   0.937012     -0.248405E-03
   0.952024     -0.246588E-03
   0.966181     -0.245290E-03
   0.979220     -0.206143E-03
   0.990945     -0.194561E-03
    1.00000     -0.170438E-03
    1.00010       0.00000    
    1.00899       0.00000    
    1.01913       0.00000    
    1.03065       0.00000    
    1.04373       0.00000    
    1.05856       0.00000    
    1.07540       0.00000    
    1.09450       0.00000    
    1.11616       0.00000    
    1.14074       0.00000    
    1.16860       0.00000    
    1.20020       0.00000    
    1.23603       0.00000    
    1.27666       0.00000    
    1.32272       0.00000    
    1.37496       0.00000    
    1.43417       0.00000    
    1.50131       0.00000    
    1.57743       0.00000    
    1.66372       0.00000    
    1.76155       0.00000    
    1.87245       0.00000    
    1.99817       0.00000    

