#  NACA 2814                                       
#  alpha =   1.4575
#  Mach  =   0.0000
#  Reyn  =   110000
#  Ncrit =  12.0000
#
#    x           cf
   0.299078E-03  0.674949E-02
   0.517258E-04  0.144941E-01
   0.652751E-05  0.214946E-01
   0.154102E-03  0.281019E-01
   0.509248E-03  0.334747E-01
   0.108182E-02  0.374593E-01
   0.187894E-02  0.398048E-01
   0.290336E-02  0.406760E-01
   0.415660E-02  0.403356E-01
   0.564014E-02  0.391140E-01
   0.735722E-02  0.373173E-01
   0.931400E-02  0.351965E-01
   0.115205E-01  0.329292E-01
   0.139914E-01  0.306403E-01
   0.167467E-01  0.284064E-01
   0.198125E-01  0.262712E-01
   0.232220E-01  0.242602E-01
   0.270161E-01  0.223783E-01
   0.312450E-01  0.206284E-01
   0.359687E-01  0.190042E-01
   0.412578E-01  0.174994E-01
   0.471933E-01  0.161043E-01
   0.538643E-01  0.148127E-01
   0.613632E-01  0.136165E-01
   0.697769E-01  0.125105E-01
   0.791741E-01  0.114895E-01
   0.895906E-01  0.105509E-01
   0.101018      0.969038E-02
   0.113400      0.890466E-02
   0.126644      0.818945E-02
   0.140632      0.753933E-02
   0.155247      0.694783E-02
   0.170377      0.640877E-02
   0.185930      0.591588E-02
   0.201829      0.546371E-02
   0.218015      0.504730E-02
   0.234442      0.466231E-02
   0.251074      0.430494E-02
   0.267883      0.397235E-02
   0.284846      0.366183E-02
   0.301944      0.337117E-02
   0.319163      0.309869E-02
   0.336491      0.284274E-02
   0.353915      0.260210E-02
   0.371427      0.237565E-02
   0.389018      0.216255E-02
   0.406682      0.196208E-02
   0.424412      0.177370E-02
   0.442201      0.159694E-02
   0.460045      0.143156E-02
   0.477938      0.127732E-02
   0.495875      0.113415E-02
   0.513853      0.100208E-02
   0.531868      0.881161E-03
   0.549915      0.771523E-03
   0.567990      0.673354E-03
   0.586091      0.586907E-03
   0.604214      0.512447E-03
   0.622355      0.450392E-03
   0.640510      0.401329E-03
   0.658674      0.366148E-03
   0.676841      0.346313E-03
   0.695002      0.344321E-03
   0.713143      0.364487E-03
   0.731240      0.415131E-03
   0.749252      0.512959E-03
   0.767109      0.846882E-03
   0.784689      0.131826E-02
   0.801795      0.192968E-02
   0.818246      0.247400E-02
   0.834311      0.279164E-02
   0.850136      0.290561E-02
   0.865794      0.283324E-02
   0.881309      0.261117E-02
   0.896674      0.228283E-02
   0.911847      0.189502E-02
   0.926754      0.149828E-02
   0.941269      0.112826E-02
   0.955217      0.804621E-03
   0.968380      0.542023E-03
   0.980531      0.342710E-03
   0.991499      0.201045E-03
    1.00000      0.117529E-03
    1.00010       0.00000    
    1.00899       0.00000    
    1.01913       0.00000    
    1.03065       0.00000    
    1.04373       0.00000    
    1.05856       0.00000    
    1.07540       0.00000    
    1.09450       0.00000    
    1.11616       0.00000    
    1.14074       0.00000    
    1.16860       0.00000    
    1.20020       0.00000    
    1.23603       0.00000    
    1.27666       0.00000    
    1.32272       0.00000    
    1.37496       0.00000    
    1.43417       0.00000    
    1.50131       0.00000    
    1.57743       0.00000    
    1.66372       0.00000    
    1.76155       0.00000    
    1.87245       0.00000    
    1.99817       0.00000    

   0.766382E-03  0.964212E-03
   0.146544E-02  0.814006E-02
   0.240290E-02  0.142618E-01
   0.358061E-02  0.189519E-01
   0.499817E-02  0.222421E-01
   0.665500E-02  0.242406E-01
   0.855236E-02  0.252175E-01
   0.106948E-01  0.254170E-01
   0.130911E-01  0.250644E-01
   0.157552E-01  0.243394E-01
   0.187069E-01  0.233752E-01
   0.219723E-01  0.222657E-01
   0.255849E-01  0.210791E-01
   0.295867E-01  0.198604E-01
   0.340288E-01  0.186374E-01
   0.389730E-01  0.174322E-01
   0.444923E-01  0.162547E-01
   0.506707E-01  0.151131E-01
   0.576015E-01  0.140128E-01
   0.653819E-01  0.129579E-01
   0.741045E-01  0.119518E-01
   0.838430E-01  0.109978E-01
   0.946370E-01  0.101006E-01
   0.106478      0.926322E-02
   0.119308      0.848834E-02
   0.133025      0.777568E-02
   0.147504      0.712392E-02
   0.162617      0.652899E-02
   0.178248      0.598584E-02
   0.194297      0.548922E-02
   0.210686      0.503329E-02
   0.227354      0.461289E-02
   0.244254      0.422319E-02
   0.261348      0.385983E-02
   0.278610      0.351875E-02
   0.296018      0.319655E-02
   0.313553      0.288985E-02
   0.331201      0.259571E-02
   0.348950      0.231141E-02
   0.366789      0.203441E-02
   0.384711      0.176256E-02
   0.402707      0.149442E-02
   0.420771      0.122925E-02
   0.438896      0.967732E-03
   0.457078      0.712322E-03
   0.475311      0.467803E-03
   0.493590      0.241506E-03
   0.511913      0.427084E-04
   0.530274     -0.118990E-03
   0.548670     -0.236444E-03
   0.567098     -0.308612E-03
   0.585554     -0.342105E-03
   0.604035     -0.348086E-03
   0.622536     -0.341359E-03
   0.641056     -0.327476E-03
   0.659589     -0.314085E-03
   0.678129     -0.302951E-03
   0.696668     -0.293930E-03
   0.715193     -0.286622E-03
   0.733682     -0.280665E-03
   0.752097     -0.275777E-03
   0.770369     -0.271743E-03
   0.788379     -0.268405E-03
   0.805933     -0.265644E-03
   0.822959     -0.263270E-03
   0.839720     -0.261044E-03
   0.856325     -0.258854E-03
   0.872817     -0.256649E-03
   0.889196     -0.254417E-03
   0.905421     -0.252179E-03
   0.921408     -0.249992E-03
   0.937012     -0.247953E-03
   0.952024     -0.246217E-03
   0.966181     -0.244999E-03
   0.979220     -0.244623E-03
   0.990945     -0.200926E-03
    1.00000     -0.185006E-03
    1.00010       0.00000    
    1.00899       0.00000    
    1.01913       0.00000    
    1.03065       0.00000    
    1.04373       0.00000    
    1.05856       0.00000    
    1.07540       0.00000    
    1.09450       0.00000    
    1.11616       0.00000    
    1.14074       0.00000    
    1.16860       0.00000    
    1.20020       0.00000    
    1.23603       0.00000    
    1.27666       0.00000    
    1.32272       0.00000    
    1.37496       0.00000    
    1.43417       0.00000    
    1.50131       0.00000    
    1.57743       0.00000    
    1.66372       0.00000    
    1.76155       0.00000    
    1.87245       0.00000    
    1.99817       0.00000    

