#  NACA 2814                                       
#  alpha =   1.4768
#  Mach  =   0.0000
#  Reyn  =   110000
#  Ncrit =  12.0000
#
#    x           cf
   0.299078E-03  0.683978E-02
   0.517258E-04  0.145844E-01
   0.652751E-05  0.215829E-01
   0.154102E-03  0.281858E-01
   0.509248E-03  0.335521E-01
   0.108182E-02  0.375277E-01
   0.187894E-02  0.398634E-01
   0.290336E-02  0.407245E-01
   0.415660E-02  0.403743E-01
   0.564014E-02  0.391439E-01
   0.735722E-02  0.373395E-01
   0.931400E-02  0.352122E-01
   0.115205E-01  0.329395E-01
   0.139914E-01  0.306462E-01
   0.167467E-01  0.284086E-01
   0.198125E-01  0.262705E-01
   0.232220E-01  0.242572E-01
   0.270161E-01  0.223734E-01
   0.312450E-01  0.206221E-01
   0.359687E-01  0.189967E-01
   0.412578E-01  0.174910E-01
   0.471933E-01  0.160952E-01
   0.538643E-01  0.148031E-01
   0.613632E-01  0.136065E-01
   0.697769E-01  0.125002E-01
   0.791741E-01  0.114791E-01
   0.895906E-01  0.105403E-01
   0.101018      0.967967E-02
   0.113400      0.889385E-02
   0.126644      0.817852E-02
   0.140632      0.752827E-02
   0.155247      0.693661E-02
   0.170377      0.639734E-02
   0.185930      0.590420E-02
   0.201829      0.545173E-02
   0.218015      0.503497E-02
   0.234442      0.464955E-02
   0.251074      0.429169E-02
   0.267883      0.395854E-02
   0.284846      0.364737E-02
   0.301944      0.335596E-02
   0.319163      0.308263E-02
   0.336491      0.282571E-02
   0.353915      0.258398E-02
   0.371427      0.235632E-02
   0.389018      0.214186E-02
   0.406682      0.193988E-02
   0.424412      0.174984E-02
   0.442201      0.157126E-02
   0.460045      0.140390E-02
   0.477938      0.124754E-02
   0.495875      0.110210E-02
   0.513853      0.967624E-03
   0.531868      0.844160E-03
   0.549915      0.731849E-03
   0.567990      0.630866E-03
   0.586091      0.541431E-03
   0.604214      0.463751E-03
   0.622355      0.398141E-03
   0.640510      0.345018E-03
   0.658674      0.305006E-03
   0.676841      0.279147E-03
   0.695002      0.269242E-03
   0.713143      0.278417E-03
   0.731240      0.312527E-03
   0.749252      0.382910E-03
   0.767109      0.568827E-03
   0.784689      0.957135E-03
   0.801795      0.149567E-02
   0.818246      0.200133E-02
   0.834311      0.231947E-02
   0.850136      0.245706E-02
   0.865794      0.242134E-02
   0.881309      0.224211E-02
   0.896674      0.195927E-02
   0.911847      0.161777E-02
   0.926754      0.126676E-02
   0.941269      0.939129E-03
   0.955217      0.653911E-03
   0.968380      0.424398E-03
   0.980531      0.252366E-03
   0.991499      0.132107E-03
    1.00000      0.627433E-04
    1.00010       0.00000    
    1.00899       0.00000    
    1.01913       0.00000    
    1.03065       0.00000    
    1.04373       0.00000    
    1.05856       0.00000    
    1.07540       0.00000    
    1.09450       0.00000    
    1.11616       0.00000    
    1.14074       0.00000    
    1.16860       0.00000    
    1.20020       0.00000    
    1.23603       0.00000    
    1.27666       0.00000    
    1.32272       0.00000    
    1.37496       0.00000    
    1.43417       0.00000    
    1.50131       0.00000    
    1.57743       0.00000    
    1.66372       0.00000    
    1.76155       0.00000    
    1.87245       0.00000    
    1.99817       0.00000    

   0.766382E-03  0.875877E-03
   0.146544E-02  0.805972E-02
   0.240290E-02  0.141857E-01
   0.358061E-02  0.188889E-01
   0.499817E-02  0.221858E-01
   0.665500E-02  0.241950E-01
   0.855236E-02  0.251798E-01
   0.106948E-01  0.253867E-01
   0.130911E-01  0.250405E-01
   0.157552E-01  0.243208E-01
   0.187069E-01  0.233611E-01
   0.219723E-01  0.222553E-01
   0.255849E-01  0.210719E-01
   0.295867E-01  0.198558E-01
   0.340288E-01  0.186348E-01
   0.389730E-01  0.174315E-01
   0.444923E-01  0.162554E-01
   0.506707E-01  0.151150E-01
   0.576015E-01  0.140157E-01
   0.653819E-01  0.129615E-01
   0.741045E-01  0.119561E-01
   0.838430E-01  0.110026E-01
   0.946370E-01  0.101058E-01
   0.106478      0.926881E-02
   0.119308      0.849422E-02
   0.133025      0.778180E-02
   0.147504      0.713026E-02
   0.162617      0.653554E-02
   0.178248      0.599259E-02
   0.194297      0.549618E-02
   0.210686      0.504048E-02
   0.227354      0.462033E-02
   0.244254      0.423091E-02
   0.261348      0.386787E-02
   0.278610      0.352718E-02
   0.296018      0.320541E-02
   0.313553      0.289923E-02
   0.331201      0.260569E-02
   0.348950      0.232207E-02
   0.366789      0.204584E-02
   0.384711      0.177484E-02
   0.402707      0.150759E-02
   0.420771      0.124329E-02
   0.438896      0.982525E-03
   0.457078      0.727593E-03
   0.475311      0.483069E-03
   0.493590      0.256054E-03
   0.511913      0.557019E-04
   0.530274     -0.108411E-03
   0.548670     -0.228886E-03
   0.567098     -0.304091E-03
   0.585554     -0.340145E-03
   0.604035     -0.347757E-03
   0.622536     -0.341791E-03
   0.641056     -0.328191E-03
   0.659589     -0.314679E-03
   0.678129     -0.303386E-03
   0.696668     -0.294228E-03
   0.715193     -0.286809E-03
   0.733682     -0.280766E-03
   0.752097     -0.275810E-03
   0.770369     -0.271724E-03
   0.788379     -0.268344E-03
   0.805933     -0.265551E-03
   0.822959     -0.263157E-03
   0.839720     -0.260919E-03
   0.856325     -0.258724E-03
   0.872817     -0.256518E-03
   0.889196     -0.254289E-03
   0.905421     -0.252058E-03
   0.921408     -0.249880E-03
   0.937012     -0.247853E-03
   0.952024     -0.246126E-03
   0.966181     -0.244912E-03
   0.979220     -0.244514E-03
   0.990945     -0.202996E-03
    1.00000     -0.189867E-03
    1.00010       0.00000    
    1.00899       0.00000    
    1.01913       0.00000    
    1.03065       0.00000    
    1.04373       0.00000    
    1.05856       0.00000    
    1.07540       0.00000    
    1.09450       0.00000    
    1.11616       0.00000    
    1.14074       0.00000    
    1.16860       0.00000    
    1.20020       0.00000    
    1.23603       0.00000    
    1.27666       0.00000    
    1.32272       0.00000    
    1.37496       0.00000    
    1.43417       0.00000    
    1.50131       0.00000    
    1.57743       0.00000    
    1.66372       0.00000    
    1.76155       0.00000    
    1.87245       0.00000    
    1.99817       0.00000    

