#  NACA 2814                                       
#  alpha =   1.5523
#  Mach  =   0.0000
#  Reyn  =   110000
#  Ncrit =  12.0000
#
#    x           cf
   0.299078E-03  0.719054E-02
   0.517258E-04  0.149348E-01
   0.652751E-05  0.219252E-01
   0.154102E-03  0.285105E-01
   0.509248E-03  0.338516E-01
   0.108182E-02  0.377917E-01
   0.187894E-02  0.400892E-01
   0.290336E-02  0.409105E-01
   0.415660E-02  0.405226E-01
   0.564014E-02  0.392580E-01
   0.735722E-02  0.374239E-01
   0.931400E-02  0.352714E-01
   0.115205E-01  0.329777E-01
   0.139914E-01  0.306671E-01
   0.167467E-01  0.284156E-01
   0.198125E-01  0.262662E-01
   0.232220E-01  0.242439E-01
   0.270161E-01  0.223530E-01
   0.312450E-01  0.205961E-01
   0.359687E-01  0.189663E-01
   0.412578E-01  0.174572E-01
   0.471933E-01  0.160589E-01
   0.538643E-01  0.147649E-01
   0.613632E-01  0.135669E-01
   0.697769E-01  0.124596E-01
   0.791741E-01  0.114378E-01
   0.895906E-01  0.104985E-01
   0.101018      0.963755E-02
   0.113400      0.885137E-02
   0.126644      0.813566E-02
   0.140632      0.748494E-02
   0.155247      0.689268E-02
   0.170377      0.635268E-02
   0.185930      0.585862E-02
   0.201829      0.540504E-02
   0.218015      0.498693E-02
   0.234442      0.459993E-02
   0.251074      0.424021E-02
   0.267883      0.390490E-02
   0.284846      0.359124E-02
   0.301944      0.329698E-02
   0.319163      0.302039E-02
   0.336491      0.275977E-02
   0.353915      0.251387E-02
   0.371427      0.228152E-02
   0.389018      0.206186E-02
   0.406682      0.185411E-02
   0.424412      0.165775E-02
   0.442201      0.147232E-02
   0.460045      0.129759E-02
   0.477938      0.113341E-02
   0.495875      0.979781E-03
   0.513853      0.836824E-03
   0.531868      0.704702E-03
   0.549915      0.583645E-03
   0.567990      0.473897E-03
   0.586091      0.375686E-03
   0.604214      0.289145E-03
   0.622355      0.214380E-03
   0.640510      0.151418E-03
   0.658674      0.100246E-03
   0.676841      0.609181E-04
   0.695002      0.337035E-04
   0.713143      0.193095E-04
   0.731240      0.193817E-04
   0.749252      0.371171E-04
   0.767109      0.795076E-04
   0.784689      0.158367E-03
   0.801795      0.420500E-03
   0.818246      0.763580E-03
   0.834311      0.103342E-02
   0.850136      0.120326E-02
   0.865794      0.125458E-02
   0.881309      0.119508E-02
   0.896674      0.104951E-02
   0.911847      0.852111E-03
   0.926754      0.643292E-03
   0.941269      0.444093E-03
   0.955217      0.272449E-03
   0.968380      0.138283E-03
   0.980531      0.424017E-04
   0.991499     -0.218842E-04
    1.00000     -0.561235E-04
    1.00010       0.00000    
    1.00899       0.00000    
    1.01913       0.00000    
    1.03065       0.00000    
    1.04373       0.00000    
    1.05856       0.00000    
    1.07540       0.00000    
    1.09450       0.00000    
    1.11616       0.00000    
    1.14074       0.00000    
    1.16860       0.00000    
    1.20020       0.00000    
    1.23603       0.00000    
    1.27666       0.00000    
    1.32272       0.00000    
    1.37496       0.00000    
    1.43417       0.00000    
    1.50131       0.00000    
    1.57743       0.00000    
    1.66372       0.00000    
    1.76155       0.00000    
    1.87245       0.00000    
    1.99817       0.00000    

   0.766382E-03  0.532461E-03
   0.146544E-02  0.774852E-02
   0.240290E-02  0.138872E-01
   0.358061E-02  0.186453E-01
   0.499817E-02  0.219647E-01
   0.665500E-02  0.240171E-01
   0.855236E-02  0.250316E-01
   0.106948E-01  0.252678E-01
   0.130911E-01  0.249461E-01
   0.157552E-01  0.242473E-01
   0.187069E-01  0.233052E-01
   0.219723E-01  0.222140E-01
   0.255849E-01  0.210428E-01
   0.295867E-01  0.198368E-01
   0.340288E-01  0.186242E-01
   0.389730E-01  0.174278E-01
   0.444923E-01  0.162575E-01
   0.506707E-01  0.151218E-01
   0.576015E-01  0.140263E-01
   0.653819E-01  0.129754E-01
   0.741045E-01  0.119725E-01
   0.838430E-01  0.110212E-01
   0.946370E-01  0.101261E-01
   0.106478      0.929052E-02
   0.119308      0.851712E-02
   0.133025      0.780573E-02
   0.147504      0.715516E-02
   0.162617      0.656133E-02
   0.178248      0.601927E-02
   0.194297      0.552379E-02
   0.210686      0.506910E-02
   0.227354      0.465007E-02
   0.244254      0.426192E-02
   0.261348      0.390033E-02
   0.278610      0.356132E-02
   0.296018      0.324151E-02
   0.313553      0.293761E-02
   0.331201      0.264671E-02
   0.348950      0.236612E-02
   0.366789      0.209333E-02
   0.384711      0.182617E-02
   0.402707      0.156301E-02
   0.420771      0.130281E-02
   0.438896      0.104575E-02
   0.457078      0.793475E-03
   0.475311      0.549713E-03
   0.493590      0.320604E-03
   0.511913      0.114482E-03
   0.530274     -0.592897E-04
   0.548670     -0.192482E-03
   0.567098     -0.281218E-03
   0.585554     -0.329146E-03
   0.604035     -0.345077E-03
   0.622536     -0.342529E-03
   0.641056     -0.331380E-03
   0.659589     -0.317514E-03
   0.678129     -0.305513E-03
   0.696668     -0.295709E-03
   0.715193     -0.287766E-03
   0.733682     -0.281307E-03
   0.752097     -0.276023E-03
   0.770369     -0.271677E-03
   0.788379     -0.268093E-03
   0.805933     -0.265137E-03
   0.822959     -0.262639E-03
   0.839720     -0.260338E-03
   0.856325     -0.258108E-03
   0.872817     -0.255891E-03
   0.889196     -0.253672E-03
   0.905421     -0.251469E-03
   0.921408     -0.249338E-03
   0.937012     -0.247375E-03
   0.952024     -0.245725E-03
   0.966181     -0.244587E-03
   0.979220     -0.244222E-03
   0.990945     -0.244908E-03
    1.00000     -0.200323E-03
    1.00010       0.00000    
    1.00899       0.00000    
    1.01913       0.00000    
    1.03065       0.00000    
    1.04373       0.00000    
    1.05856       0.00000    
    1.07540       0.00000    
    1.09450       0.00000    
    1.11616       0.00000    
    1.14074       0.00000    
    1.16860       0.00000    
    1.20020       0.00000    
    1.23603       0.00000    
    1.27666       0.00000    
    1.32272       0.00000    
    1.37496       0.00000    
    1.43417       0.00000    
    1.50131       0.00000    
    1.57743       0.00000    
    1.66372       0.00000    
    1.76155       0.00000    
    1.87245       0.00000    
    1.99817       0.00000    

