#  NACA 2814                                       
#  alpha =   1.6132
#  Mach  =   0.0000
#  Reyn  =   110000
#  Ncrit =  12.0000
#
#    x           cf
   0.299078E-03  0.738139E-02
   0.517258E-04  0.151232E-01
   0.652751E-05  0.221071E-01
   0.154102E-03  0.286804E-01
   0.509248E-03  0.340055E-01
   0.108182E-02  0.379243E-01
   0.187894E-02  0.401994E-01
   0.290336E-02  0.409978E-01
   0.415660E-02  0.405885E-01
   0.564014E-02  0.393048E-01
   0.735722E-02  0.374542E-01
   0.931400E-02  0.352878E-01
   0.115205E-01  0.329827E-01
   0.139914E-01  0.306628E-01
   0.167467E-01  0.284038E-01
   0.198125E-01  0.262484E-01
   0.232220E-01  0.242213E-01
   0.270161E-01  0.223266E-01
   0.312450E-01  0.205667E-01
   0.359687E-01  0.189346E-01
   0.412578E-01  0.174237E-01
   0.471933E-01  0.160239E-01
   0.538643E-01  0.147288E-01
   0.613632E-01  0.135298E-01
   0.697769E-01  0.124217E-01
   0.791741E-01  0.113992E-01
   0.895906E-01  0.104591E-01
   0.101018      0.959738E-02
   0.113400      0.881030E-02
   0.126644      0.809354E-02
   0.140632      0.744156E-02
   0.155247      0.684782E-02
   0.170377      0.630606E-02
   0.185930      0.580995E-02
   0.201829      0.535396E-02
   0.218015      0.493306E-02
   0.234442      0.454282E-02
   0.251074      0.417937E-02
   0.267883      0.383976E-02
   0.284846      0.352115E-02
   0.301944      0.322122E-02
   0.319163      0.293815E-02
   0.336491      0.267016E-02
   0.353915      0.241589E-02
   0.371427      0.217411E-02
   0.389018      0.194389E-02
   0.406682      0.172444E-02
   0.424412      0.151524E-02
   0.442201      0.131591E-02
   0.460045      0.112640E-02
   0.477938      0.946808E-03
   0.495875      0.777488E-03
   0.513853      0.619021E-03
   0.531868      0.472101E-03
   0.549915      0.337528E-03
   0.567990      0.216086E-03
   0.586091      0.108432E-03
   0.604214      0.149433E-04
   0.622355     -0.643234E-04
   0.640510     -0.129734E-03
   0.658674     -0.182078E-03
   0.676841     -0.222495E-03
   0.695002     -0.252358E-03
   0.713143     -0.273134E-03
   0.731240     -0.286243E-03
   0.749252     -0.292780E-03
   0.767109     -0.293180E-03
   0.784689     -0.287660E-03
   0.801795     -0.271613E-03
   0.818246     -0.261680E-03
   0.834311     -0.172103E-03
   0.850136     -0.900722E-04
   0.865794      0.303405E-04
   0.881309      0.115954E-03
   0.896674      0.150354E-03
   0.911847      0.140772E-03
   0.926754      0.102473E-03
   0.941269      0.504083E-04
   0.955217     -0.134212E-05
   0.968380     -0.462062E-04
   0.980531     -0.764489E-04
   0.991499     -0.928693E-04
    1.00000     -0.992346E-04
    1.00010       0.00000    
    1.00899       0.00000    
    1.01913       0.00000    
    1.03065       0.00000    
    1.04373       0.00000    
    1.05856       0.00000    
    1.07540       0.00000    
    1.09450       0.00000    
    1.11616       0.00000    
    1.14074       0.00000    
    1.16860       0.00000    
    1.20020       0.00000    
    1.23603       0.00000    
    1.27666       0.00000    
    1.32272       0.00000    
    1.37496       0.00000    
    1.43417       0.00000    
    1.50131       0.00000    
    1.57743       0.00000    
    1.66372       0.00000    
    1.76155       0.00000    
    1.87245       0.00000    
    1.99817       0.00000    

   0.766382E-03  0.343842E-03
   0.146544E-02  0.757783E-02
   0.240290E-02  0.137178E-01
   0.358061E-02  0.185103E-01
   0.499817E-02  0.218378E-01
   0.665500E-02  0.239161E-01
   0.855236E-02  0.249462E-01
   0.106948E-01  0.251991E-01
   0.130911E-01  0.248913E-01
   0.157552E-01  0.242045E-01
   0.187069E-01  0.232725E-01
   0.219723E-01  0.221899E-01
   0.255849E-01  0.210258E-01
   0.295867E-01  0.198259E-01
   0.340288E-01  0.186184E-01
   0.389730E-01  0.174262E-01
   0.444923E-01  0.162594E-01
   0.506707E-01  0.151267E-01
   0.576015E-01  0.140338E-01
   0.653819E-01  0.129849E-01
   0.741045E-01  0.119838E-01
   0.838430E-01  0.110339E-01
   0.946370E-01  0.101401E-01
   0.106478      0.930560E-02
   0.119308      0.853314E-02
   0.133025      0.782259E-02
   0.147504      0.717280E-02
   0.162617      0.657973E-02
   0.178248      0.603844E-02
   0.194297      0.554376E-02
   0.210686      0.508993E-02
   0.227354      0.467185E-02
   0.244254      0.428476E-02
   0.261348      0.392435E-02
   0.278610      0.358669E-02
   0.296018      0.326845E-02
   0.313553      0.296638E-02
   0.331201      0.267757E-02
   0.348950      0.239941E-02
   0.366789      0.212936E-02
   0.384711      0.186526E-02
   0.402707      0.160540E-02
   0.420771      0.134858E-02
   0.438896      0.109470E-02
   0.457078      0.844950E-03
   0.475311      0.602420E-03
   0.493590      0.372505E-03
   0.511913      0.162828E-03
   0.530274     -0.176151E-04
   0.548670     -0.160218E-03
   0.567098     -0.259737E-03
   0.585554     -0.317602E-03
   0.604035     -0.341257E-03
   0.622536     -0.342443E-03
   0.641056     -0.333833E-03
   0.659589     -0.320045E-03
   0.678129     -0.307505E-03
   0.696668     -0.297154E-03
   0.715193     -0.288755E-03
   0.733682     -0.281931E-03
   0.752097     -0.276358E-03
   0.770369     -0.271782E-03
   0.788379     -0.268017E-03
   0.805933     -0.264918E-03
   0.822959     -0.262327E-03
   0.839720     -0.259969E-03
   0.856325     -0.257707E-03
   0.872817     -0.255477E-03
   0.889196     -0.253263E-03
   0.905421     -0.251082E-03
   0.921408     -0.248989E-03
   0.937012     -0.247079E-03
   0.952024     -0.245496E-03
   0.966181     -0.244429E-03
   0.979220     -0.244119E-03
   0.990945     -0.244773E-03
    1.00000     -0.207214E-03
    1.00010       0.00000    
    1.00899       0.00000    
    1.01913       0.00000    
    1.03065       0.00000    
    1.04373       0.00000    
    1.05856       0.00000    
    1.07540       0.00000    
    1.09450       0.00000    
    1.11616       0.00000    
    1.14074       0.00000    
    1.16860       0.00000    
    1.20020       0.00000    
    1.23603       0.00000    
    1.27666       0.00000    
    1.32272       0.00000    
    1.37496       0.00000    
    1.43417       0.00000    
    1.50131       0.00000    
    1.57743       0.00000    
    1.66372       0.00000    
    1.76155       0.00000    
    1.87245       0.00000    
    1.99817       0.00000    

