#  NACA 2814                                       
#  alpha =   1.6031
#  Mach  =   0.0000
#  Reyn  =   110000
#  Ncrit =  12.0000
#
#    x           cf
   0.299078E-03  0.736928E-02
   0.517258E-04  0.151119E-01
   0.652751E-05  0.220969E-01
   0.154102E-03  0.286717E-01
   0.509248E-03  0.339984E-01
   0.108182E-02  0.379192E-01
   0.187894E-02  0.401963E-01
   0.290336E-02  0.409965E-01
   0.415660E-02  0.405889E-01
   0.564014E-02  0.393065E-01
   0.735722E-02  0.374570E-01
   0.931400E-02  0.352916E-01
   0.115205E-01  0.329872E-01
   0.139914E-01  0.306679E-01
   0.167467E-01  0.284094E-01
   0.198125E-01  0.262543E-01
   0.232220E-01  0.242275E-01
   0.270161E-01  0.223330E-01
   0.312450E-01  0.205732E-01
   0.359687E-01  0.189413E-01
   0.412578E-01  0.174305E-01
   0.471933E-01  0.160308E-01
   0.538643E-01  0.147358E-01
   0.613632E-01  0.135370E-01
   0.697769E-01  0.124290E-01
   0.791741E-01  0.114066E-01
   0.895906E-01  0.104667E-01
   0.101018      0.960520E-02
   0.113400      0.881839E-02
   0.126644      0.810195E-02
   0.140632      0.745035E-02
   0.155247      0.685706E-02
   0.170377      0.631582E-02
   0.185930      0.582031E-02
   0.201829      0.536502E-02
   0.218015      0.494492E-02
   0.234442      0.455561E-02
   0.251074      0.419322E-02
   0.267883      0.385483E-02
   0.284846      0.353764E-02
   0.301944      0.323932E-02
   0.319163      0.295810E-02
   0.336491      0.269222E-02
   0.353915      0.244036E-02
   0.371427      0.220129E-02
   0.389018      0.197411E-02
   0.406682      0.175803E-02
   0.424412      0.155253E-02
   0.442201      0.135719E-02
   0.460045      0.117190E-02
   0.477938      0.996652E-03
   0.495875      0.831680E-03
   0.513853      0.677387E-03
   0.531868      0.534270E-03
   0.549915      0.402915E-03
   0.567990      0.283900E-03
   0.586091      0.177722E-03
   0.604214      0.846618E-04
   0.622355      0.478123E-05
   0.640510     -0.621686E-04
   0.658674     -0.116746E-03
   0.676841     -0.159762E-03
   0.695002     -0.192180E-03
   0.713143     -0.214994E-03
   0.731240     -0.229003E-03
   0.749252     -0.234647E-03
   0.767109     -0.231366E-03
   0.784689     -0.218079E-03
   0.801795     -0.185166E-03
   0.818246     -0.158253E-03
   0.834311     -0.111173E-04
   0.850136      0.149498E-03
   0.865794      0.269654E-03
   0.881309      0.327929E-03
   0.896674      0.323949E-03
   0.911847      0.273652E-03
   0.926754      0.199088E-03
   0.941269      0.116342E-03
   0.955217      0.408243E-04
   0.968380     -0.198367E-04
   0.980531     -0.631272E-04
   0.991499     -0.872698E-04
    1.00000     -0.971900E-04
    1.00010       0.00000    
    1.00899       0.00000    
    1.01913       0.00000    
    1.03065       0.00000    
    1.04373       0.00000    
    1.05856       0.00000    
    1.07540       0.00000    
    1.09450       0.00000    
    1.11616       0.00000    
    1.14074       0.00000    
    1.16860       0.00000    
    1.20020       0.00000    
    1.23603       0.00000    
    1.27666       0.00000    
    1.32272       0.00000    
    1.37496       0.00000    
    1.43417       0.00000    
    1.50131       0.00000    
    1.57743       0.00000    
    1.66372       0.00000    
    1.76155       0.00000    
    1.87245       0.00000    
    1.99817       0.00000    

   0.766382E-03  0.356365E-03
   0.146544E-02  0.758957E-02
   0.240290E-02  0.137300E-01
   0.358061E-02  0.185202E-01
   0.499817E-02  0.218474E-01
   0.665500E-02  0.239239E-01
   0.855236E-02  0.249529E-01
   0.106948E-01  0.252046E-01
   0.130911E-01  0.248958E-01
   0.157552E-01  0.242080E-01
   0.187069E-01  0.232751E-01
   0.219723E-01  0.221919E-01
   0.255849E-01  0.210271E-01
   0.295867E-01  0.198266E-01
   0.340288E-01  0.186187E-01
   0.389730E-01  0.174260E-01
   0.444923E-01  0.162589E-01
   0.506707E-01  0.151259E-01
   0.576015E-01  0.140327E-01
   0.653819E-01  0.129835E-01
   0.741045E-01  0.119822E-01
   0.838430E-01  0.110322E-01
   0.946370E-01  0.101382E-01
   0.106478      0.930347E-02
   0.119308      0.853085E-02
   0.133025      0.782014E-02
   0.147504      0.717020E-02
   0.162617      0.657698E-02
   0.178248      0.603553E-02
   0.194297      0.554068E-02
   0.210686      0.508667E-02
   0.227354      0.466839E-02
   0.244254      0.428108E-02
   0.261348      0.392041E-02
   0.278610      0.358246E-02
   0.296018      0.326390E-02
   0.313553      0.296143E-02
   0.331201      0.267219E-02
   0.348950      0.239352E-02
   0.366789      0.212290E-02
   0.384711      0.185816E-02
   0.402707      0.159760E-02
   0.420771      0.134005E-02
   0.438896      0.108546E-02
   0.457078      0.835111E-03
   0.475311      0.592215E-03
   0.493590      0.362316E-03
   0.511913      0.153189E-03
   0.530274     -0.260731E-04
   0.548670     -0.166908E-03
   0.567098     -0.264306E-03
   0.585554     -0.320158E-03
   0.604035     -0.342179E-03
   0.622536     -0.342486E-03
   0.641056     -0.333343E-03
   0.659589     -0.319497E-03
   0.678129     -0.307062E-03
   0.696668     -0.296826E-03
   0.715193     -0.288524E-03
   0.733682     -0.281779E-03
   0.752097     -0.276269E-03
   0.770369     -0.271744E-03
   0.788379     -0.268019E-03
   0.805933     -0.264953E-03
   0.822959     -0.262384E-03
   0.839720     -0.260039E-03
   0.856325     -0.257785E-03
   0.872817     -0.255560E-03
   0.889196     -0.253345E-03
   0.905421     -0.251159E-03
   0.921408     -0.249056E-03
   0.937012     -0.247133E-03
   0.952024     -0.245529E-03
   0.966181     -0.244436E-03
   0.979220     -0.244096E-03
   0.990945     -0.244724E-03
    1.00000     -0.206129E-03
    1.00010       0.00000    
    1.00899       0.00000    
    1.01913       0.00000    
    1.03065       0.00000    
    1.04373       0.00000    
    1.05856       0.00000    
    1.07540       0.00000    
    1.09450       0.00000    
    1.11616       0.00000    
    1.14074       0.00000    
    1.16860       0.00000    
    1.20020       0.00000    
    1.23603       0.00000    
    1.27666       0.00000    
    1.32272       0.00000    
    1.37496       0.00000    
    1.43417       0.00000    
    1.50131       0.00000    
    1.57743       0.00000    
    1.66372       0.00000    
    1.76155       0.00000    
    1.87245       0.00000    
    1.99817       0.00000    

