#  NACA 2814                                       
#  alpha =   1.6184
#  Mach  =   0.0000
#  Reyn  =   110000
#  Ncrit =  12.0000
#
#    x           cf
   0.299078E-03  0.736149E-02
   0.517258E-04  0.151023E-01
   0.652751E-05  0.220856E-01
   0.154102E-03  0.286588E-01
   0.509248E-03  0.339843E-01
   0.108182E-02  0.379041E-01
   0.187894E-02  0.401806E-01
   0.290336E-02  0.409807E-01
   0.415660E-02  0.405731E-01
   0.564014E-02  0.392911E-01
   0.735722E-02  0.374420E-01
   0.931400E-02  0.352770E-01
   0.115205E-01  0.329730E-01
   0.139914E-01  0.306542E-01
   0.167467E-01  0.283960E-01
   0.198125E-01  0.262413E-01
   0.232220E-01  0.242148E-01
   0.270161E-01  0.223205E-01
   0.312450E-01  0.205610E-01
   0.359687E-01  0.189291E-01
   0.412578E-01  0.174184E-01
   0.471933E-01  0.160187E-01
   0.538643E-01  0.147237E-01
   0.613632E-01  0.135247E-01
   0.697769E-01  0.124165E-01
   0.791741E-01  0.113938E-01
   0.895906E-01  0.104536E-01
   0.101018      0.959163E-02
   0.113400      0.880425E-02
   0.126644      0.808712E-02
   0.140632      0.743471E-02
   0.155247      0.684047E-02
   0.170377      0.629812E-02
   0.185930      0.580133E-02
   0.201829      0.534457E-02
   0.218015      0.492278E-02
   0.234442      0.453153E-02
   0.251074      0.416691E-02
   0.267883      0.382595E-02
   0.284846      0.350581E-02
   0.301944      0.320411E-02
   0.319163      0.291901E-02
   0.336491      0.264869E-02
   0.353915      0.239177E-02
   0.371427      0.214700E-02
   0.389018      0.191342E-02
   0.406682      0.169023E-02
   0.424412      0.147694E-02
   0.442201      0.127322E-02
   0.460045      0.107910E-02
   0.477938      0.894789E-03
   0.495875      0.720844E-03
   0.513853      0.558064E-03
   0.531868      0.407406E-03
   0.549915      0.269946E-03
   0.567990      0.146723E-03
   0.586091      0.385878E-04
   0.604214     -0.539894E-04
   0.622355     -0.130995E-03
   0.640510     -0.192985E-03
   0.658674     -0.241065E-03
   0.676841     -0.276780E-03
   0.695002     -0.302051E-03
   0.713143     -0.318859E-03
   0.731240     -0.328895E-03
   0.749252     -0.333652E-03
   0.767109     -0.334209E-03
   0.784689     -0.331487E-03
   0.801795     -0.324016E-03
   0.818246     -0.320540E-03
   0.834311     -0.323412E-03
   0.850136     -0.209518E-03
   0.865794     -0.144740E-03
   0.881309     -0.566286E-04
   0.896674      0.752380E-05
   0.911847      0.323324E-04
   0.926754      0.258621E-04
   0.941269      0.586806E-06
   0.955217     -0.323891E-04
   0.968380     -0.621689E-04
   0.980531     -0.824748E-04
   0.991499     -0.936539E-04
    1.00000     -0.978072E-04
    1.00010       0.00000    
    1.00899       0.00000    
    1.01913       0.00000    
    1.03065       0.00000    
    1.04373       0.00000    
    1.05856       0.00000    
    1.07540       0.00000    
    1.09450       0.00000    
    1.11616       0.00000    
    1.14074       0.00000    
    1.16860       0.00000    
    1.20020       0.00000    
    1.23603       0.00000    
    1.27666       0.00000    
    1.32272       0.00000    
    1.37496       0.00000    
    1.43417       0.00000    
    1.50131       0.00000    
    1.57743       0.00000    
    1.66372       0.00000    
    1.76155       0.00000    
    1.87245       0.00000    
    1.99817       0.00000    

   0.766382E-03  0.362419E-03
   0.146544E-02  0.759360E-02
   0.240290E-02  0.137331E-01
   0.358061E-02  0.185213E-01
   0.499817E-02  0.218480E-01
   0.665500E-02  0.239237E-01
   0.855236E-02  0.249525E-01
   0.106948E-01  0.252040E-01
   0.130911E-01  0.248951E-01
   0.157552E-01  0.242074E-01
   0.187069E-01  0.232747E-01
   0.219723E-01  0.221916E-01
   0.255849E-01  0.210271E-01
   0.295867E-01  0.198268E-01
   0.340288E-01  0.186191E-01
   0.389730E-01  0.174267E-01
   0.444923E-01  0.162598E-01
   0.506707E-01  0.151271E-01
   0.576015E-01  0.140341E-01
   0.653819E-01  0.129852E-01
   0.741045E-01  0.119842E-01
   0.838430E-01  0.110344E-01
   0.946370E-01  0.101406E-01
   0.106478      0.930615E-02
   0.119308      0.853378E-02
   0.133025      0.782335E-02
   0.147504      0.717366E-02
   0.162617      0.658069E-02
   0.178248      0.603952E-02
   0.194297      0.554495E-02
   0.210686      0.509126E-02
   0.227354      0.467331E-02
   0.244254      0.428638E-02
   0.261348      0.392617E-02
   0.278610      0.358873E-02
   0.296018      0.327074E-02
   0.313553      0.296893E-02
   0.331201      0.268044E-02
   0.348950      0.240263E-02
   0.366789      0.213299E-02
   0.384711      0.186934E-02
   0.402707      0.160998E-02
   0.420771      0.135368E-02
   0.438896      0.110032E-02
   0.457078      0.851036E-03
   0.475311      0.608857E-03
   0.493590      0.379067E-03
   0.511913      0.169187E-03
   0.530274     -0.118890E-04
   0.548670     -0.155571E-03
   0.567098     -0.256479E-03
   0.585554     -0.315726E-03
   0.604035     -0.340548E-03
   0.622536     -0.342402E-03
   0.641056     -0.334189E-03
   0.659589     -0.320465E-03
   0.678129     -0.307852E-03
   0.696668     -0.297417E-03
   0.715193     -0.288944E-03
   0.733682     -0.282060E-03
   0.752097     -0.276438E-03
   0.770369     -0.271822E-03
   0.788379     -0.268025E-03
   0.805933     -0.264899E-03
   0.822959     -0.262290E-03
   0.839720     -0.259920E-03
   0.856325     -0.257651E-03
   0.872817     -0.255418E-03
   0.889196     -0.253204E-03
   0.905421     -0.251027E-03
   0.921408     -0.248942E-03
   0.937012     -0.247046E-03
   0.952024     -0.245483E-03
   0.966181     -0.244445E-03
   0.979220     -0.244173E-03
   0.990945     -0.244871E-03
    1.00000     -0.207945E-03
    1.00010       0.00000    
    1.00899       0.00000    
    1.01913       0.00000    
    1.03065       0.00000    
    1.04373       0.00000    
    1.05856       0.00000    
    1.07540       0.00000    
    1.09450       0.00000    
    1.11616       0.00000    
    1.14074       0.00000    
    1.16860       0.00000    
    1.20020       0.00000    
    1.23603       0.00000    
    1.27666       0.00000    
    1.32272       0.00000    
    1.37496       0.00000    
    1.43417       0.00000    
    1.50131       0.00000    
    1.57743       0.00000    
    1.66372       0.00000    
    1.76155       0.00000    
    1.87245       0.00000    
    1.99817       0.00000    

