#  NACA 2814                                       
#  alpha =   2.3912
#  Mach  =   0.0000
#  Reyn  =   110000
#  Ncrit =  12.0000
#
#    x           cf
   0.766382E-03  0.284493E-02
   0.299078E-03  0.108210E-01
   0.517258E-04  0.183117E-01
   0.652751E-05  0.254273E-01
   0.154102E-03  0.316755E-01
   0.509248E-03  0.368372E-01
   0.108182E-02  0.403838E-01
   0.187894E-02  0.423011E-01
   0.290336E-02  0.427186E-01
   0.415660E-02  0.419494E-01
   0.564014E-02  0.403404E-01
   0.735722E-02  0.382067E-01
   0.931400E-02  0.358007E-01
   0.115205E-01  0.332963E-01
   0.139914E-01  0.308133E-01
   0.167467E-01  0.284220E-01
   0.198125E-01  0.261600E-01
   0.232220E-01  0.240478E-01
   0.270161E-01  0.220855E-01
   0.312450E-01  0.202722E-01
   0.359687E-01  0.185985E-01
   0.412578E-01  0.170553E-01
   0.471933E-01  0.156308E-01
   0.538643E-01  0.143169E-01
   0.613632E-01  0.131039E-01
   0.697769E-01  0.119851E-01
   0.791741E-01  0.109541E-01
   0.895906E-01  0.100070E-01
   0.101018      0.913857E-02
   0.113400      0.834433E-02
   0.126644      0.761918E-02
   0.140632      0.695695E-02
   0.155247      0.635054E-02
   0.170377      0.579313E-02
   0.185930      0.527786E-02
   0.201829      0.479862E-02
   0.218015      0.434972E-02
   0.234442      0.392602E-02
   0.251074      0.352283E-02
   0.267883      0.313633E-02
   0.284846      0.276288E-02
   0.301944      0.239947E-02
   0.319163      0.204399E-02
   0.336491      0.169511E-02
   0.353915      0.135313E-02
   0.371427      0.102025E-02
   0.389018      0.701285E-03
   0.406682      0.403868E-03
   0.424412      0.138108E-03
   0.442201     -0.849801E-04
   0.460045     -0.256205E-03
   0.477938     -0.371762E-03
   0.495875     -0.436605E-03
   0.513853     -0.461317E-03
   0.531868     -0.460692E-03
   0.549915     -0.449361E-03
   0.567990     -0.431651E-03
   0.586091     -0.415127E-03
   0.604214     -0.401152E-03
   0.622355     -0.389531E-03
   0.640510     -0.379834E-03
   0.658674     -0.371659E-03
   0.676841     -0.364682E-03
   0.695002     -0.358649E-03
   0.713143     -0.353361E-03
   0.731240     -0.348662E-03
   0.749252     -0.344430E-03
   0.767109     -0.340573E-03
   0.784689     -0.337021E-03
   0.801795     -0.333737E-03
   0.818246     -0.330691E-03
   0.834311     -0.327826E-03
   0.850136     -0.271103E-03
   0.865794     -0.210166E-03
   0.881309     -0.176792E-03
   0.896674     -0.151905E-03
   0.911847     -0.128413E-03
   0.926754     -0.107971E-03
   0.941269     -0.925750E-04
   0.955217     -0.825731E-04
   0.968380     -0.766223E-04
   0.980531     -0.730812E-04
   0.991499     -0.706944E-04
    1.00000     -0.689749E-04
    1.00010       0.00000    
    1.00899       0.00000    
    1.01913       0.00000    
    1.03065       0.00000    
    1.04373       0.00000    
    1.05856       0.00000    
    1.07540       0.00000    
    1.09450       0.00000    
    1.11616       0.00000    
    1.14074       0.00000    
    1.16860       0.00000    
    1.20020       0.00000    
    1.23603       0.00000    
    1.27666       0.00000    
    1.32272       0.00000    
    1.37496       0.00000    
    1.43417       0.00000    
    1.50131       0.00000    
    1.57743       0.00000    
    1.66372       0.00000    
    1.76155       0.00000    
    1.87245       0.00000    
    1.99817       0.00000    

   0.146544E-02  0.460897E-02
   0.240290E-02  0.109223E-01
   0.358061E-02  0.161721E-01
   0.499817E-02  0.197467E-01
   0.665500E-02  0.222282E-01
   0.855236E-02  0.235372E-01
   0.106948E-01  0.240709E-01
   0.130911E-01  0.239965E-01
   0.157552E-01  0.235091E-01
   0.187069E-01  0.227447E-01
   0.219723E-01  0.218024E-01
   0.255849E-01  0.207552E-01
   0.295867E-01  0.196524E-01
   0.340288E-01  0.185257E-01
   0.389730E-01  0.174005E-01
   0.444923E-01  0.162893E-01
   0.506707E-01  0.152027E-01
   0.576015E-01  0.141478E-01
   0.653819E-01  0.131303E-01
   0.741045E-01  0.121551E-01
   0.838430E-01  0.112266E-01
   0.946370E-01  0.103504E-01
   0.106478      0.953067E-02
   0.119308      0.877084E-02
   0.133025      0.807144E-02
   0.147504      0.743190E-02
   0.162617      0.684870E-02
   0.178248      0.631732E-02
   0.194297      0.583298E-02
   0.210686      0.539029E-02
   0.227354      0.498447E-02
   0.244254      0.461113E-02
   0.261348      0.426635E-02
   0.278610      0.394658E-02
   0.296018      0.364894E-02
   0.313553      0.337064E-02
   0.331201      0.310937E-02
   0.348950      0.286303E-02
   0.366789      0.262963E-02
   0.384711      0.240735E-02
   0.402707      0.219462E-02
   0.420771      0.198981E-02
   0.438896      0.179156E-02
   0.457078      0.159852E-02
   0.475311      0.140956E-02
   0.493590      0.122379E-02
   0.511913      0.104073E-02
   0.530274      0.860266E-03
   0.548670      0.683119E-03
   0.567098      0.510741E-03
   0.585554      0.345633E-03
   0.604035      0.191340E-03
   0.622536      0.521571E-04
   0.641056     -0.673203E-04
   0.659589     -0.163129E-03
   0.678129     -0.233021E-03
   0.696668     -0.277847E-03
   0.715193     -0.301002E-03
   0.733682     -0.307629E-03
   0.752097     -0.304976E-03
   0.770369     -0.297416E-03
   0.788379     -0.287463E-03
   0.805933     -0.278332E-03
   0.822959     -0.271925E-03
   0.839720     -0.267422E-03
   0.856325     -0.264257E-03
   0.872817     -0.262266E-03
   0.889196     -0.261530E-03
   0.905421     -0.262333E-03
   0.921408     -0.264877E-03
   0.937012     -0.266046E-03
   0.952024     -0.255706E-03
   0.966181     -0.200869E-03
   0.979220     -0.356201E-04
   0.990945      0.298932E-03
    1.00000      0.922810E-03
    1.00010       0.00000    
    1.00899       0.00000    
    1.01913       0.00000    
    1.03065       0.00000    
    1.04373       0.00000    
    1.05856       0.00000    
    1.07540       0.00000    
    1.09450       0.00000    
    1.11616       0.00000    
    1.14074       0.00000    
    1.16860       0.00000    
    1.20020       0.00000    
    1.23603       0.00000    
    1.27666       0.00000    
    1.32272       0.00000    
    1.37496       0.00000    
    1.43417       0.00000    
    1.50131       0.00000    
    1.57743       0.00000    
    1.66372       0.00000    
    1.76155       0.00000    
    1.87245       0.00000    
    1.99817       0.00000    

