#    s        x        y     Ue/Vinf    Dstar     Theta      Cf       H       H*        P         m          K          tau         Di
   0.00000  1.00000  0.00147  0.92488  0.016596  0.006112  0.000485    2.7155    1.5348  0.00523  0.01535  0.00742
   0.00903  0.99150  0.00452  0.93301  0.015068  0.005866  0.000640    2.5688    1.5475  0.00511  0.01406  0.00737
   0.02064  0.98053  0.00832  0.94543  0.013243  0.005523  0.000885    2.3977    1.5662  0.00494  0.01252  0.00731
   0.03345  0.96838  0.01237  0.96138  0.011475  0.005131  0.001214    2.2364    1.5886  0.00474  0.01103  0.00724
   0.04726  0.95522  0.01656  0.98060  0.009873  0.004715  0.001642    2.0939    1.6129  0.00453  0.00968  0.00717
   0.06183  0.94127  0.02077  1.00223  0.008500  0.004304  0.002146    1.9746    1.6372  0.00432  0.00852  0.00709
   0.07692  0.92675  0.02491  1.02501  0.007374  0.003924  0.002696    1.8792    1.6596  0.00412  0.00756  0.00701
   0.09236  0.91185  0.02890  1.04762  0.006478  0.003588  0.003282    1.8056    1.6790  0.00394  0.00679  0.00693
   0.10800  0.89667  0.03270  1.06855  0.005776  0.003305  0.003903    1.7476    1.6946  0.00377  0.00617  0.00683
   0.12377  0.88131  0.03627  1.08708  0.005230  0.003073  0.004514    1.7022    1.7064  0.00363  0.00569  0.00674
   0.13964  0.86579  0.03960  1.10309  0.004812  0.002881  0.005079    1.6704    1.7151  0.00351  0.00531  0.00663
   0.15560  0.85014  0.04267  1.11617  0.004498  0.002725  0.005565    1.6505    1.7208  0.00340  0.00502  0.00652
   0.17167  0.83431  0.04549  1.12594  0.004276  0.002604  0.005934    1.6423    1.7233  0.00330  0.00481  0.00640
   0.18794  0.81825  0.04805  1.13212  0.004141  0.002514  0.006144    1.6470    1.7222  0.00322  0.00469  0.00628
   0.20455  0.80179  0.05037  1.13301  0.004130  0.002468  0.006066    1.6737    1.7151  0.00317  0.00468  0.00616
   0.22180  0.78469  0.05256  1.13181  0.004186  0.002437  0.005816    1.7175    1.7038  0.00312  0.00474  0.00602
   0.23951  0.76711  0.05474  1.13360  0.004196  0.002383  0.005651    1.7607    1.6933  0.00306  0.00476  0.00588
   0.25750  0.74925  0.05688  1.13647  0.004206  0.002322  0.005462    1.8115    1.6817  0.00300  0.00478  0.00573
   0.27563  0.73124  0.05897  1.14027  0.004226  0.002255  0.005224    1.8736    1.6684  0.00293  0.00482  0.00558
   0.29384  0.71314  0.06100  1.14488  0.004263  0.002185  0.004911    1.9512    1.6531  0.00286  0.00488  0.00542
   0.31209  0.69500  0.06297  1.15041  0.004326  0.002111  0.004506    2.0493    1.6356  0.00279  0.00498  0.00526
   0.33035  0.67684  0.06486  1.15702  0.004416  0.002033  0.004006    2.1723    1.6164  0.00272  0.00511  0.00509
   0.34860  0.65867  0.06667  1.16483  0.004531  0.001951  0.003429    2.3226    1.5964  0.00265  0.00528  0.00492
   0.36685  0.64051  0.06841  1.17372  0.004660  0.001866  0.002818    2.4972    1.5773  0.00257  0.00547  0.00476
   0.38508  0.62235  0.07006  1.18318  0.004785  0.001782  0.002235    2.6847    1.5609  0.00250  0.00566  0.00461
   0.40329  0.60421  0.07164  1.19243  0.004883  0.001705  0.001746    2.8643    1.5487  0.00242  0.00582  0.00448
   0.42147  0.58609  0.07312  1.20074  0.004931  0.001637  0.001396    3.0113    1.5408  0.00236  0.00592  0.00437
   0.43963  0.56799  0.07452  1.20519  0.004908  0.001599  0.001278    3.0696    1.5437  0.00232  0.00592  0.00432
   0.45775  0.54991  0.07583  1.20866  0.004835  0.001568  0.001271    3.0835    1.5431  0.00229  0.00584  0.00427
   0.47584  0.53187  0.07704  1.21252  0.004732  0.001535  0.001303    3.0832    1.5431  0.00226  0.00574  0.00422
   0.49389  0.51385  0.07816  1.21667  0.004612  0.001500  0.001363    3.0737    1.5435  0.00222  0.00561  0.00417
   0.51190  0.49588  0.07917  1.22105  0.004479  0.001465  0.001447    3.0581    1.5442  0.00218  0.00547  0.00412
   0.52986  0.47794  0.08008  1.22563  0.004340  0.001428  0.001549    3.0382    1.5451  0.00215  0.00532  0.00406
   0.54777  0.46004  0.08088  1.23037  0.004196  0.001392  0.001670    3.0154    1.5461  0.00211  0.00516  0.00401
   0.56562  0.44220  0.08157  1.23525  0.004050  0.001354  0.001806    2.9908    1.5473  0.00207  0.00500  0.00395
   0.58342  0.42441  0.08213  1.24026  0.003903  0.001316  0.001958    2.9652    1.5486  0.00202  0.00484  0.00389
   0.60116  0.40668  0.08257  1.24536  0.003757  0.001278  0.002125    2.9391    1.5500  0.00198  0.00468  0.00383
   0.61882  0.38902  0.08288  1.25055  0.003612  0.001240  0.002308    2.9130    1.5514  0.00194  0.00452  0.00376
   0.63642  0.37143  0.08305  1.25580  0.003469  0.001201  0.002505    2.8871    1.5529  0.00189  0.00436  0.00369
   0.65393  0.35391  0.08309  1.26109  0.003328  0.001163  0.002718    2.8618    1.5545  0.00185  0.00420  0.00362
   0.67135  0.33649  0.08297  1.26639  0.003189  0.001124  0.002947    2.8371    1.5560  0.00180  0.00404  0.00355
   0.68868  0.31916  0.08270  1.27170  0.003053  0.001085  0.003193    2.8132    1.5576  0.00176  0.00388  0.00348
   0.70591  0.30194  0.08227  1.27698  0.002920  0.001046  0.003457    2.7902    1.5592  0.00171  0.00373  0.00340
   0.72302  0.28485  0.08167  1.28221  0.002789  0.001008  0.003741    2.7682    1.5607  0.00166  0.00358  0.00331
   0.74000  0.26788  0.08089  1.28737  0.002661  0.000969  0.004045    2.7471    1.5623  0.00161  0.00343  0.00323
   0.75683  0.25107  0.07993  1.29242  0.002535  0.000930  0.004372    2.7269    1.5638  0.00155  0.00328  0.00314
   0.77350  0.23444  0.07878  1.29734  0.002412  0.000891  0.004725    2.7077    1.5653  0.00150  0.00313  0.00304
   0.78999  0.21802  0.07743  1.30208  0.002291  0.000852  0.005106    2.6894    1.5668  0.00144  0.00298  0.00295
   0.80625  0.20183  0.07588  1.30661  0.002173  0.000813  0.005519    2.6720    1.5682  0.00139  0.00284  0.00284
   0.82224  0.18593  0.07412  1.31089  0.002056  0.000774  0.005968    2.6555    1.5697  0.00133  0.00269  0.00274
   0.83792  0.17038  0.07215  1.31485  0.001941  0.000735  0.006459    2.6399    1.5710  0.00127  0.00255  0.00263
   0.85321  0.15525  0.06998  1.31844  0.001829  0.000697  0.006996    2.6250    1.5724  0.00121  0.00241  0.00251
   0.86801  0.14063  0.06761  1.32158  0.001719  0.000658  0.007585    2.6108    1.5737  0.00115  0.00227  0.00239
   0.88223  0.12664  0.06506  1.32419  0.001611  0.000620  0.008234    2.5972    1.5749  0.00109  0.00213  0.00227
   0.89574  0.11340  0.06237  1.32617  0.001507  0.000583  0.008948    2.5842    1.5762  0.00103  0.00200  0.00214
   0.90844  0.10102  0.05956  1.32744  0.001407  0.000547  0.009732    2.5715    1.5774  0.00096  0.00187  0.00202
   0.92022  0.08959  0.05670  1.32791  0.001311  0.000512  0.010592    2.5592    1.5786  0.00090  0.00174  0.00189
   0.93103  0.07917  0.05381  1.32750  0.001220  0.000479  0.011529    2.5471    1.5799  0.00084  0.00162  0.00177
   0.94085  0.06978  0.05095  1.32612  0.001135  0.000448  0.012549    2.5350    1.5811  0.00079  0.00151  0.00165
   0.94972  0.06136  0.04814  1.32370  0.001055  0.000418  0.013654    2.5228    1.5824  0.00073  0.00140  0.00154
   0.95771  0.05386  0.04540  1.32016  0.000981  0.000391  0.014849    2.5105    1.5837  0.00068  0.00129  0.00142
   0.96489  0.04719  0.04275  1.31538  0.000911  0.000365  0.016139    2.4979    1.5851  0.00063  0.00120  0.00132
   0.97135  0.04126  0.04018  1.30924  0.000846  0.000341  0.017531    2.4850    1.5865  0.00058  0.00111  0.00121
   0.97720  0.03597  0.03769  1.30153  0.000786  0.000318  0.019034    2.4717    1.5880  0.00054  0.00102  0.00111
   0.98250  0.03125  0.03528  1.29204  0.000729  0.000297  0.020654    2.4580    1.5896  0.00050  0.00094  0.00102
   0.98734  0.02702  0.03293  1.28046  0.000676  0.000277  0.022400    2.4438    1.5913  0.00045  0.00087  0.00092
   0.99177  0.02322  0.03064  1.26642  0.000627  0.000258  0.024276    2.4290    1.5930  0.00041  0.00079  0.00083
   0.99586  0.01981  0.02839  1.24941  0.000580  0.000240  0.026281    2.4138    1.5949  0.00038  0.00072  0.00075
   0.99964  0.01675  0.02618  1.22886  0.000536  0.000224  0.028408    2.3980    1.5969  0.00034  0.00066  0.00066
   1.00315  0.01399  0.02399  1.20402  0.000495  0.000208  0.030631    2.3818    1.5990  0.00030  0.00060  0.00058
   1.00644  0.01152  0.02183  1.17398  0.000457  0.000193  0.032908    2.3651    1.6012  0.00027  0.00054  0.00050
   1.00952  0.00931  0.01968  1.13765  0.000421  0.000179  0.035160    2.3481    1.6035  0.00023  0.00048  0.00042
   1.01242  0.00736  0.01753  1.09379  0.000388  0.000167  0.037263    2.3311    1.6058  0.00020  0.00042  0.00035
   1.01517  0.00564  0.01538  1.04100  0.000359  0.000155  0.039038    2.3141    1.6082  0.00017  0.00037  0.00028
   1.01778  0.00416  0.01324  0.97786  0.000332  0.000145  0.040235    2.2975    1.6106  0.00014  0.00032  0.00022
   1.02027  0.00290  0.01109  0.90313  0.000309  0.000135  0.040549    2.2817    1.6129  0.00011  0.00028  0.00016
   1.02265  0.00188  0.00894  0.81608  0.000289  0.000128  0.039649    2.2673    1.6151  0.00008  0.00024  0.00011
   1.02494  0.00108  0.00679  0.71682  0.000273  0.000121  0.037276    2.2544    1.6171  0.00006  0.00020  0.00007
   1.02714  0.00051  0.00467  0.60685  0.000262  0.000117  0.033266    2.2448    1.6186  0.00004  0.00016  0.00004
   1.02927  0.00015  0.00257  0.48842  0.000254  0.000113  0.027876    2.2350    1.6202  0.00003  0.00012  0.00002
   1.03131  0.00001  0.00053  0.36634  0.000250  0.000112  0.021256    2.2343    1.6203  0.00001  0.00009  0.00001
   1.03333  0.00005 -0.00149  0.24153  0.000247  0.000111  0.014250    2.2274    1.6214  0.00001  0.00006  0.00000
   1.03541  0.00030 -0.00355  0.11158  0.000249  0.000112  0.006505    2.2295    1.6210  0.00000  0.00003  0.00000
   1.03756  0.00077 -0.00565 -0.02064  0.000249  0.000112  0.001203    2.2295    1.6210  0.00000 -0.00001 -0.00000
   1.03978  0.00147 -0.00775 -0.15001  0.000260  0.000117  0.008357    2.2326    1.6205  0.00000 -0.00004 -0.00000
   1.04208  0.00240 -0.00985 -0.27217  0.000271  0.000121  0.014466    2.2382    1.6197  0.00001 -0.00007 -0.00000
   1.04447  0.00358 -0.01194 -0.38438  0.000288  0.000128  0.019121    2.2479    1.6181  0.00002 -0.00011 -0.00001
   1.04697  0.00500 -0.01400 -0.48475  0.000307  0.000136  0.022392    2.2570    1.6167  0.00003 -0.00015 -0.00003
   1.04959  0.00666 -0.01603 -0.57304  0.000330  0.000146  0.024361    2.2685    1.6149  0.00005 -0.00019 -0.00004
   1.05235  0.00855 -0.01802 -0.64976  0.000356  0.000156  0.025316    2.2802    1.6132  0.00007 -0.00023 -0.00007
   1.05525  0.01069 -0.01999 -0.71603  0.000385  0.000168  0.025495    2.2926    1.6113  0.00009 -0.00028 -0.00010
   1.05834  0.01309 -0.02193 -0.77311  0.000417  0.000181  0.025125    2.3051    1.6095  0.00011 -0.00032 -0.00013
   1.06163  0.01576 -0.02386 -0.82231  0.000452  0.000195  0.024385    2.3178    1.6077  0.00013 -0.00037 -0.00017
   1.06514  0.01871 -0.02577 -0.86480  0.000489  0.000210  0.023409    2.3304    1.6059  0.00016 -0.00042 -0.00022
   1.06892  0.02197 -0.02767 -0.90161  0.000529  0.000226  0.022289    2.3429    1.6042  0.00018 -0.00048 -0.00027
   1.07300  0.02558 -0.02957 -0.93361  0.000572  0.000243  0.021093    2.3553    1.6025  0.00021 -0.00053 -0.00032
   1.07744  0.02959 -0.03148 -0.96153  0.000618  0.000261  0.019868    2.3676    1.6008  0.00024 -0.00059 -0.00037
   1.08227  0.03403 -0.03339 -0.98595  0.000668  0.000281  0.018639    2.3799    1.5992  0.00027 -0.00066 -0.00043
   1.08758  0.03897 -0.03533 -1.00736  0.000721  0.000301  0.017428    2.3921    1.5977  0.00031 -0.00073 -0.00049
   1.09344  0.04449 -0.03728 -1.02613  0.000778  0.000324  0.016247    2.4043    1.5961  0.00034 -0.00080 -0.00056
   1.09992  0.05067 -0.03925 -1.04257  0.000840  0.000348  0.015102    2.4167    1.5946  0.00038 -0.00088 -0.00063
   1.10713  0.05760 -0.04124 -1.05690  0.000907  0.000373  0.013999    2.4291    1.5930  0.00042 -0.00096 -0.00070
   1.11517  0.06538 -0.04324 -1.06927  0.000980  0.000401  0.012941    2.4418    1.5915  0.00046 -0.00105 -0.00078
   1.12411  0.07410 -0.04523 -1.07980  0.001059  0.000431  0.011933    2.4548    1.5900  0.00050 -0.00114 -0.00086
   1.13405  0.08384 -0.04719 -1.08856  0.001144  0.000463  0.010978    2.4683    1.5884  0.00055 -0.00125 -0.00095
   1.14501  0.09464 -0.04909 -1.09563  0.001236  0.000498  0.010079    2.4822    1.5868  0.00060 -0.00135 -0.00104
   1.15699  0.10648 -0.05090 -1.10106  0.001334  0.000534  0.009241    2.4966    1.5852  0.00065 -0.00147 -0.00113
   1.16992  0.11931 -0.05256 -1.10495  0.001438  0.000573  0.008465    2.5117    1.5836  0.00070 -0.00159 -0.00122
   1.18372  0.13302 -0.05406 -1.10742  0.001547  0.000612  0.007751    2.5274    1.5819  0.00075 -0.00171 -0.00132
   1.19826  0.14750 -0.05536 -1.10861  0.001661  0.000653  0.007098    2.5438    1.5802  0.00080 -0.00184 -0.00141
   1.21341  0.16262 -0.05646 -1.10868  0.001779  0.000695  0.006502    2.5611    1.5784  0.00085 -0.00197 -0.00149
   1.22907  0.17825 -0.05734 -1.10778  0.001901  0.000737  0.005958    2.5793    1.5767  0.00090 -0.00211 -0.00158
   1.24513  0.19430 -0.05800 -1.10606  0.002027  0.000780  0.005460    2.5985    1.5748  0.00095 -0.00224 -0.00166
   1.26153  0.21069 -0.05846 -1.10363  0.002156  0.000823  0.005003    2.6189    1.5729  0.00100 -0.00238 -0.00174
   1.27820  0.22735 -0.05872 -1.10061  0.002289  0.000867  0.004581    2.6406    1.5710  0.00105 -0.00252 -0.00182
   1.29510  0.24425 -0.05879 -1.09707  0.002426  0.000911  0.004190    2.6640    1.5689  0.00110 -0.00266 -0.00189
   1.31219  0.26135 -0.05867 -1.09310  0.002568  0.000955  0.003824    2.6893    1.5668  0.00114 -0.00281 -0.00195
   1.32945  0.27861 -0.05839 -1.08874  0.002717  0.001000  0.003481    2.7169    1.5646  0.00119 -0.00296 -0.00202
   1.34687  0.29602 -0.05795 -1.08405  0.002871  0.001045  0.003156    2.7472    1.5623  0.00123 -0.00311 -0.00208
   1.36441  0.31355 -0.05737 -1.07907  0.003034  0.001091  0.002846    2.7809    1.5598  0.00127 -0.00327 -0.00214
   1.38208  0.33120 -0.05664 -1.07382  0.003207  0.001138  0.002548    2.8187    1.5572  0.00131 -0.00344 -0.00219
   1.39984  0.34895 -0.05578 -1.06834  0.003391  0.001185  0.002260    2.8617    1.5545  0.00135 -0.00362 -0.00225
   1.41771  0.36679 -0.05481 -1.06264  0.003591  0.001233  0.001978    2.9112    1.5515  0.00139 -0.00382 -0.00230
   1.43567  0.38471 -0.05371 -1.05676  0.003808  0.001283  0.001701    2.9689    1.5484  0.00143 -0.00402 -0.00234
   1.45370  0.40271 -0.05252 -1.05074  0.004047  0.001333  0.001427    3.0371    1.5451  0.00147 -0.00425 -0.00239
   1.47181  0.42077 -0.05122 -1.04463  0.004314  0.001383  0.001156    3.1186    1.5417  0.00151 -0.00451 -0.00243
   1.48999  0.43890 -0.04983 -1.03849  0.004616  0.001435  0.000889    3.2169    1.5383  0.00155 -0.00479 -0.00247
   1.50823  0.45708 -0.04835 -1.03245  0.004959  0.001486  0.000631    3.3362    1.5350  0.00158 -0.00512 -0.00251
   1.52653  0.47531 -0.04680 -1.02661  0.005350  0.001537  0.000386    3.4811    1.5321  0.00162 -0.00549 -0.00255
   1.54488  0.49359 -0.04516 -1.02112  0.005799  0.001586  0.000163    3.6562    1.5298  0.00165 -0.00592 -0.00258
   1.56329  0.51191 -0.04346 -1.01608  0.006310  0.001632 -0.000027    3.8654    1.5285  0.00169 -0.00641 -0.00262
   1.58173  0.53027 -0.04169 -1.01154  0.006888  0.001676 -0.000175    4.1104    1.5280  0.00171 -0.00697 -0.00265
   1.60022  0.54867 -0.03987 -1.00745  0.007536  0.001717 -0.000275    4.3897    1.5280  0.00174 -0.00759 -0.00268
   1.61874  0.56710 -0.03798 -1.00381  0.008254  0.001755 -0.000330    4.7033    1.5284  0.00177 -0.00829 -0.00271
   1.63730  0.58555 -0.03604 -1.00068  0.009044  0.001790 -0.000350    5.0527    1.5294  0.00179 -0.00905 -0.00274
   1.65589  0.60403 -0.03405 -0.99804  0.009902  0.001821 -0.000349    5.4370    1.5312  0.00181 -0.00988 -0.00277
   1.67450  0.62254 -0.03201 -0.99583  0.010827  0.001849 -0.000338    5.8551    1.5338  0.00183 -0.01078 -0.00280
   1.69314  0.64106 -0.02993 -0.99399  0.011814  0.001874 -0.000323    6.3048    1.5371  0.00185 -0.01174 -0.00283
   1.71179  0.65959 -0.02781 -0.99247  0.012859  0.001896 -0.000311    6.7839    1.5411  0.00187 -0.01276 -0.00286
   1.73046  0.67813 -0.02565 -0.99121  0.013956  0.001914 -0.000300    7.2900    1.5458  0.00188 -0.01383 -0.00288
   1.74912  0.69667 -0.02346 -0.99017  0.015100  0.001931 -0.000292    7.8204    1.5511  0.00189 -0.01495 -0.00291
   1.76778  0.71519 -0.02123 -0.98931  0.016285  0.001945 -0.000286    8.3723    1.5570  0.00190 -0.01611 -0.00293
   1.78641  0.73368 -0.01897 -0.98860  0.017504  0.001957 -0.000280    8.9427    1.5634  0.00191 -0.01730 -0.00296
   1.80497  0.75210 -0.01669 -0.98801  0.018749  0.001968 -0.000276    9.5275    1.5702  0.00192 -0.01852 -0.00298
   1.82338  0.77037 -0.01439 -0.98752  0.020009  0.001977 -0.000272   10.1220    1.5774  0.00193 -0.01976 -0.00300
   1.84154  0.78838 -0.01210 -0.98711  0.021267  0.001984 -0.000269   10.7169    1.5847  0.00193 -0.02099 -0.00302
   1.85923  0.80593 -0.00985 -0.98678  0.022517  0.001991 -0.000266   11.3106    1.5922  0.00194 -0.02222 -0.00305
   1.87638  0.82296 -0.00786 -0.98639  0.023495  0.001999 -0.000264   11.7529    1.5979  0.00195 -0.02318 -0.00307
   1.89323  0.83972 -0.00614 -0.98593  0.024199  0.002010 -0.000262   12.0405    1.6017  0.00195 -0.02386 -0.00309
   1.90990  0.85632 -0.00466 -0.98540  0.024652  0.002023 -0.000260   12.1857    1.6036  0.00196 -0.02429 -0.00310
   1.92643  0.87282 -0.00343 -0.98478  0.024858  0.002039 -0.000258   12.1924    1.6036  0.00198 -0.02448 -0.00312
   1.94284  0.88920 -0.00243 -0.98408  0.024820  0.002057 -0.000255   12.0642    1.6020  0.00199 -0.02442 -0.00314
   1.95909  0.90542 -0.00166 -0.98328  0.024536  0.002078 -0.000253   11.8051    1.5986  0.00201 -0.02413 -0.00316
   1.97508  0.92141 -0.00111 -0.98239  0.024010  0.002102 -0.000251   11.4209    1.5936  0.00203 -0.02359 -0.00318
   1.99069  0.93701 -0.00078 -0.98139  0.023245  0.002129 -0.000249   10.9207    1.5873  0.00205 -0.02281 -0.00319
   2.00570  0.95202 -0.00065 -0.98029  0.022253  0.002157 -0.000247   10.3165    1.5797  0.00207 -0.02181 -0.00321
   2.01986  0.96618 -0.00070 -0.97909  0.021046  0.002187 -0.000245    9.6229    1.5713  0.00210 -0.02061 -0.00323
   2.03290  0.97922 -0.00089 -0.96225  0.019875  0.002625 -0.000203    7.5714    1.5672  0.00243 -0.01913 -0.00367
   2.04463  0.99095 -0.00117 -0.94149  0.018714  0.003174 -0.000185    5.8955    1.5432  0.00281 -0.01762 -0.00409
   2.05369  1.00000 -0.00147 -0.92488  0.017492  0.003618 -0.000154    4.8345    1.5257  0.00309 -0.01618 -0.00437
   2.05369  1.00010 -0.00002  0.92488  0.036939  0.009730  0.000000    3.7964
   2.06273  1.00899 -0.00168  0.91848  0.035153  0.010118  0.000000    3.4744
   2.07299  1.01913 -0.00320  0.91117  0.032761  0.010555  0.000000    3.1039
   2.08461  1.03065 -0.00474  0.90524  0.030145  0.010901  0.000000    2.7654
   2.09778  1.04373 -0.00635  0.90126  0.027383  0.011125  0.000000    2.4615
   2.11272  1.05856 -0.00803  0.89987  0.024590  0.011199  0.000000    2.1957
   2.12965  1.07540 -0.00979  0.90148  0.021888  0.011118  0.000000    1.9687
   2.14884  1.09450 -0.01164  0.90603  0.019400  0.010903  0.000000    1.7793
   2.17059  1.11616 -0.01360  0.91300  0.017215  0.010598  0.000000    1.6243
   2.19525  1.14074 -0.01567  0.92148  0.015375  0.010254  0.000000    1.4994
   2.22320  1.16860 -0.01785  0.93052  0.013874  0.009915  0.000000    1.3993
   2.25488  1.20020 -0.02015  0.93936  0.012672  0.009605  0.000000    1.3193
   2.29079  1.23603 -0.02259  0.94753  0.011716  0.009335  0.000000    1.2550
   2.33150  1.27666 -0.02516  0.95486  0.010956  0.009106  0.000000    1.2032
   2.37765  1.32272 -0.02787  0.96131  0.010351  0.008913  0.000000    1.1613
   2.42996  1.37496 -0.03074  0.96694  0.009868  0.008751  0.000000    1.1277
   2.48925  1.43417 -0.03377  0.97183  0.009483  0.008614  0.000000    1.1009
   2.55647  1.50131 -0.03697  0.97607  0.009176  0.008499  0.000000    1.0796
   2.63266  1.57743 -0.04034  0.97972  0.008931  0.008402  0.000000    1.0629
   2.71902  1.66372 -0.04389  0.98286  0.008736  0.008321  0.000000    1.0499
   2.81692  1.76155 -0.04764  0.98554  0.008581  0.008252  0.000000    1.0398
   2.92790  1.87245 -0.05159  0.98782  0.008457  0.008194  0.000000    1.0321
   3.05369  1.99817 -0.05576  0.99006  0.008350  0.008138  0.000000    1.0261
